03/11/2014 17:05:24 27.8 29.8 36.0 35.0 36.0
03/11/2014 17:05:42 27.8 29.8 41.0 37.0 41.0
03/11/2014 17:06:00 27.8 29.8 42.0 38.0 42.0
03/11/2014 17:06:18 27.8 29.8 42.0 39.0 42.0
03/11/2014 17:06:36 27.8 29.8 42.0 39.0 42.0
03/11/2014 17:06:54 27.8 29.8 42.0 40.0 42.0
03/11/2014 17:07:12 27.8 29.8 42.0 40.0 42.0
03/11/2014 17:07:30 27.8 29.8 43.0 41.0 43.0
03/11/2014 17:07:48 27.8 29.8 43.0 41.0 43.0
03/11/2014 17:08:06 27.8 29.8 44.0 40.0 44.0
03/11/2014 17:08:24 27.8 29.8 44.0 41.0 44.0
03/11/2014 17:08:42 27.8 29.8 43.0 40.0 43.0
03/11/2014 17:09:00 27.8 29.8 43.0 40.0 43.0
03/11/2014 17:09:18 27.8 29.8 44.0 41.0 44.0
03/11/2014 17:09:36 27.8 29.8 43.0 42.0 43.0
03/11/2014 17:09:54 27.8 29.8 43.0 41.0 43.0
03/11/2014 17:10:12 27.8 29.8 43.0 41.0 43.0
03/11/2014 17:10:30 27.8 29.8 43.0 41.0 43.0
03/11/2014 17:10:48 27.8 29.8 44.0 41.0 44.0
03/11/2014 17:11:06 27.8 29.8 44.0 42.0 44.0
03/11/2014 17:11:24 27.8 29.8 43.0 41.0 43.0
03/11/2014 17:11:42 27.8 29.8 44.0 41.0 43.0
03/11/2014 17:12:00 27.8 29.8 44.0 42.0 44.0
03/11/2014 17:12:18 27.8 29.8 44.0 41.0 44.0
03/11/2014 17:12:36 27.8 29.8 44.0 41.0 44.0
03/11/2014 17:12:54 27.8 29.8 44.0 41.0 44.0
03/11/2014 17:13:12 27.8 29.8 43.0 42.0 43.0
03/11/2014 17:13:30 27.8 29.8 44.0 43.0 44.0
03/11/2014 17:13:48 27.8 29.8 44.0 42.0 44.0
03/11/2014 17:14:06 27.8 29.8 44.0 42.0 44.0
03/11/2014 17:14:24 27.8 29.8 45.0 42.0 45.0
03/11/2014 17:14:42 27.8 29.8 43.0 42.0 43.0
03/11/2014 17:15:00 27.8 29.8 44.0 41.0 44.0
03/11/2014 17:15:18 27.8 29.8 44.0 44.0 42.0
03/11/2014 17:15:36 27.8 29.8 45.0 45.0 42.0
03/11/2014 17:15:54 27.8 29.8 45.0 45.0 42.0
03/11/2014 17:16:12 27.8 29.8 44.0 44.0 42.0
03/11/2014 17:16:30 27.8 29.8 45.0 45.0 41.0
03/11/2014 17:16:48 27.8 29.8 44.0 44.0 42.0
03/11/2014 17:17:06 27.8 29.8 45.0 45.0 42.0
03/11/2014 17:17:24 27.8 29.8 45.0 44.0 42.0
03/11/2014 17:17:42 27.8 29.8 44.0 44.0 41.0
03/11/2014 17:18:00 27.8 29.8 44.0 44.0 41.0
03/11/2014 17:18:18 27.8 29.8 45.0 45.0 42.0
03/11/2014 17:18:36 27.8 29.8 44.0 44.0 41.0
03/11/2014 17:18:54 27.8 29.8 46.0 46.0 41.0
03/11/2014 17:19:12 27.8 29.8 44.0 44.0 41.0
03/11/2014 17:19:30 27.8 29.8 45.0 45.0 42.0
03/11/2014 17:19:48 27.8 29.8 45.0 44.0 42.0
03/11/2014 17:20:06 27.8 29.8 45.0 45.0 42.0
03/11/2014 17:20:24 27.8 29.8 46.0 46.0 41.0
03/11/2014 17:20:42 27.8 29.8 46.0 46.0 42.0
03/11/2014 17:21:00 27.8 29.8 46.0 46.0 43.0
03/11/2014 17:21:18 27.8 29.8 45.0 45.0 43.0
03/11/2014 17:21:36 27.8 29.8 46.0 46.0 44.0
03/11/2014 17:21:54 27.8 29.8 45.0 45.0 43.0
03/11/2014 17:22:12 27.8 29.8 46.0 46.0 43.0
03/11/2014 17:22:30 27.8 29.8 45.0 45.0 43.0
03/11/2014 17:22:48 27.8 29.8 45.0 45.0 43.0
03/11/2014 17:23:06 27.8 29.8 46.0 46.0 43.0
03/11/2014 17:23:24 27.8 29.8 46.0 46.0 42.0
03/11/2014 17:23:42 27.8 29.8 45.0 45.0 42.0
03/11/2014 17:24:00 27.8 29.8 47.0 47.0 42.0
03/11/2014 17:24:18 27.8 29.8 45.0 46.0 42.0
03/11/2014 17:24:36 27.8 29.8 45.0 45.0 43.0
03/11/2014 17:24:54 27.8 29.8 45.0 45.0 43.0
03/11/2014 17:25:12 27.8 29.8 46.0 46.0 44.0
03/11/2014 17:25:30 27.8 29.8 47.0 47.0 43.0
03/11/2014 17:25:48 27.8 29.8 46.0 46.0 43.0
03/11/2014 17:26:06 27.8 29.8 46.0 46.0 43.0
03/11/2014 17:26:24 27.8 29.8 44.0 44.0 43.0
03/11/2014 17:26:42 27.8 29.8 45.0 45.0 43.0
03/11/2014 17:27:01 27.8 29.8 46.0 46.0 43.0
03/11/2014 17:27:19 27.8 29.8 46.0 46.0 43.0
03/11/2014 17:27:37 27.8 29.8 45.0 45.0 43.0
03/11/2014 17:27:55 27.8 29.8 45.0 45.0 42.0
03/11/2014 17:28:13 27.8 29.8 46.0 46.0 42.0
03/11/2014 17:28:31 27.8 29.8 46.0 46.0 43.0
03/11/2014 17:28:49 27.8 29.8 46.0 46.0 43.0
03/11/2014 17:29:07 27.8 29.8 46.0 46.0 42.0
03/11/2014 17:29:25 27.8 29.8 45.0 45.0 43.0
03/11/2014 17:29:43 27.8 29.8 46.0 46.0 42.0
03/11/2014 17:30:01 27.8 29.8 45.0 45.0 43.0
03/11/2014 17:30:19 27.8 29.8 46.0 46.0 43.0
03/11/2014 17:30:37 27.8 29.8 46.0 46.0 43.0
03/11/2014 17:30:55 27.8 29.8 46.0 46.0 42.0
03/11/2014 17:31:13 27.8 29.8 46.0 46.0 42.0
03/11/2014 17:31:31 27.8 29.8 45.0 45.0 43.0
03/11/2014 17:31:49 27.8 29.8 46.0 46.0 43.0
03/11/2014 17:32:07 27.8 29.8 45.0 45.0 43.0
03/11/2014 17:32:25 27.8 29.8 46.0 46.0 43.0
03/11/2014 17:32:43 27.8 29.8 46.0 46.0 42.0
03/11/2014 17:33:01 27.8 29.8 45.0 45.0 43.0
03/11/2014 17:33:19 27.8 29.8 45.0 45.0 43.0
03/11/2014 17:33:37 27.8 29.8 46.0 46.0 43.0
03/11/2014 17:33:55 27.8 29.8 45.0 45.0 42.0
03/11/2014 17:34:13 27.8 29.8 46.0 46.0 42.0
03/11/2014 17:34:31 27.8 29.8 45.0 45.0 42.0
03/11/2014 17:34:49 27.8 29.8 46.0 46.0 43.0
03/11/2014 17:35:07 27.8 29.8 45.0 45.0 43.0
03/11/2014 17:35:25 27.8 29.8 45.0 45.0 41.0
03/11/2014 17:35:43 27.8 29.8 45.0 45.0 43.0
03/11/2014 17:36:01 27.8 29.8 45.0 44.0 42.0
03/11/2014 17:36:19 27.8 29.8 44.0 44.0 41.0
03/11/2014 17:36:37 27.8 29.8 45.0 45.0 43.0
03/11/2014 17:36:55 27.8 29.8 46.0 46.0 42.0
03/11/2014 17:37:13 27.8 29.8 46.0 46.0 42.0
03/11/2014 17:37:31 27.8 29.8 46.0 46.0 44.0
03/11/2014 17:37:49 27.8 29.8 47.0 47.0 44.0
03/11/2014 17:38:07 27.8 29.8 45.0 45.0 42.0
03/11/2014 17:38:25 27.8 29.8 45.0 44.0 43.0
03/11/2014 17:38:43 27.8 29.8 46.0 45.0 43.0
03/11/2014 17:39:01 27.8 29.8 45.0 45.0 42.0
03/11/2014 17:39:19 27.8 29.8 46.0 46.0 42.0
03/11/2014 17:39:37 27.8 29.8 45.0 45.0 43.0
03/11/2014 17:39:55 27.8 29.8 45.0 46.0 43.0
03/11/2014 17:40:13 27.8 29.8 46.0 46.0 43.0
03/11/2014 17:40:31 27.8 29.8 46.0 46.0 43.0
03/11/2014 17:40:49 27.8 29.8 46.0 46.0 44.0
03/11/2014 17:41:07 27.8 29.8 45.0 45.0 43.0
03/11/2014 17:41:25 27.8 29.8 45.0 45.0 43.0
03/11/2014 17:41:43 27.8 29.8 45.0 44.0 43.0
03/11/2014 17:42:01 27.8 29.8 45.0 45.0 43.0
03/11/2014 17:42:19 27.8 29.8 45.0 45.0 44.0
03/11/2014 17:42:37 27.8 29.8 45.0 45.0 43.0
03/11/2014 17:42:55 27.8 29.8 46.0 46.0 43.0
03/11/2014 17:43:13 27.8 29.8 45.0 45.0 42.0
03/11/2014 17:43:31 27.8 29.8 46.0 46.0 43.0
03/11/2014 17:43:49 27.8 29.8 46.0 46.0 43.0
03/11/2014 17:44:07 27.8 29.8 46.0 46.0 43.0
03/11/2014 17:44:25 27.8 29.8 46.0 46.0 43.0
03/11/2014 17:44:43 27.8 29.8 45.0 46.0 42.0
03/11/2014 17:45:01 27.8 29.8 46.0 46.0 43.0
03/11/2014 17:45:19 27.8 29.8 45.0 45.0 42.0
03/11/2014 17:45:37 27.8 29.8 46.0 46.0 42.0
03/11/2014 17:45:55 27.8 29.8 46.0 45.0 43.0
03/11/2014 17:46:13 27.8 29.8 46.0 46.0 44.0
03/11/2014 17:46:31 27.8 29.8 46.0 46.0 43.0
03/11/2014 17:46:49 27.8 29.8 46.0 45.0 44.0
03/11/2014 17:47:07 27.8 29.8 46.0 46.0 43.0
03/11/2014 17:47:25 27.8 29.8 46.0 46.0 42.0
03/11/2014 17:47:43 27.8 29.8 46.0 46.0 43.0
03/11/2014 17:48:01 27.8 29.8 45.0 45.0 41.0
03/11/2014 17:48:19 27.8 29.8 44.0 44.0 42.0
03/11/2014 17:48:37 27.8 29.8 45.0 45.0 43.0
03/11/2014 17:48:55 27.8 29.8 45.0 45.0 43.0
03/11/2014 17:49:13 27.8 29.8 45.0 45.0 42.0
03/11/2014 17:49:31 27.8 29.8 46.0 46.0 43.0
03/11/2014 17:49:49 27.8 29.8 46.0 46.0 43.0
03/11/2014 17:50:07 27.8 29.8 45.0 45.0 43.0
03/11/2014 17:50:25 27.8 29.8 46.0 46.0 43.0
03/11/2014 17:50:44 27.8 29.8 46.0 46.0 43.0
03/11/2014 17:51:02 27.8 29.8 46.0 46.0 42.0
03/11/2014 17:51:20 27.8 29.8 45.0 45.0 42.0
03/11/2014 17:51:38 27.8 29.8 45.0 45.0 42.0
03/11/2014 17:51:56 27.8 29.8 46.0 46.0 42.0
03/11/2014 17:52:14 27.8 29.8 46.0 46.0 43.0
03/11/2014 17:52:32 27.8 29.8 45.0 45.0 43.0
03/11/2014 17:52:50 27.8 29.8 46.0 46.0 42.0
03/11/2014 17:53:08 27.8 29.8 46.0 46.0 42.0
03/11/2014 17:53:26 27.8 29.8 46.0 46.0 42.0
03/11/2014 17:53:44 27.8 29.8 46.0 45.0 42.0
03/11/2014 17:54:02 27.8 29.8 46.0 46.0 43.0
03/11/2014 17:54:20 27.8 29.8 46.0 46.0 43.0
03/11/2014 17:54:38 27.8 29.8 47.0 46.0 43.0
03/11/2014 17:54:56 27.8 29.8 45.0 45.0 43.0
03/11/2014 17:55:14 27.8 29.8 46.0 46.0 43.0
03/11/2014 17:55:32 27.8 29.8 46.0 46.0 43.0
03/11/2014 17:55:50 27.8 29.8 47.0 47.0 43.0
03/11/2014 17:56:08 27.8 29.8 46.0 46.0 42.0
03/11/2014 17:56:26 27.8 29.8 46.0 46.0 43.0
03/11/2014 17:56:44 27.8 29.8 46.0 46.0 43.0
03/11/2014 17:57:02 27.8 29.8 46.0 46.0 42.0
03/11/2014 17:57:20 27.8 29.8 46.0 46.0 42.0
03/11/2014 17:57:38 27.8 29.8 46.0 46.0 43.0
03/11/2014 17:57:56 27.8 29.8 47.0 47.0 42.0
03/11/2014 17:58:14 27.8 29.8 46.0 46.0 43.0
03/11/2014 17:58:32 27.8 29.8 46.0 46.0 43.0
03/11/2014 17:58:50 27.8 29.8 46.0 46.0 43.0
03/11/2014 17:59:08 27.8 29.8 46.0 46.0 42.0
03/11/2014 17:59:26 27.8 29.8 45.0 44.0 42.0
03/11/2014 17:59:44 27.8 29.8 47.0 47.0 43.0
03/11/2014 18:00:02 27.8 29.8 46.0 45.0 41.0
03/11/2014 18:00:20 27.8 29.8 45.0 45.0 43.0
03/11/2014 18:00:38 27.8 29.8 45.0 45.0 42.0
03/11/2014 18:00:56 27.8 29.8 47.0 47.0 42.0
03/11/2014 18:01:14 27.8 29.8 46.0 46.0 42.0
03/11/2014 18:01:32 27.8 29.8 45.0 45.0 42.0
03/11/2014 18:01:50 27.8 29.8 45.0 45.0 43.0
03/11/2014 18:02:08 27.8 29.8 45.0 45.0 43.0
03/11/2014 18:02:26 27.8 29.8 46.0 46.0 42.0
03/11/2014 18:02:44 27.8 29.8 45.0 45.0 41.0
03/11/2014 18:03:02 27.8 29.8 46.0 46.0 42.0
03/11/2014 18:03:20 27.8 29.8 45.0 45.0 43.0
03/11/2014 18:03:38 27.8 29.8 45.0 45.0 43.0
03/11/2014 18:03:56 27.8 29.8 45.0 45.0 43.0
03/11/2014 18:04:14 27.8 29.8 45.0 45.0 42.0
03/11/2014 18:04:32 27.8 29.8 46.0 46.0 43.0
03/11/2014 18:04:50 27.8 29.8 46.0 46.0 43.0
03/11/2014 18:05:08 27.8 29.8 45.0 45.0 43.0
03/11/2014 18:05:26 27.8 29.8 46.0 46.0 43.0
03/11/2014 18:05:44 27.8 29.8 47.0 47.0 43.0
03/11/2014 18:06:02 27.8 29.8 47.0 47.0 43.0
03/11/2014 18:06:20 27.8 29.8 45.0 45.0 43.0
03/11/2014 18:06:38 27.8 29.8 46.0 45.0 43.0
03/11/2014 18:06:56 27.8 29.8 45.0 45.0 43.0
03/11/2014 18:07:14 27.8 29.8 45.0 45.0 43.0
03/11/2014 18:07:32 27.8 29.8 45.0 45.0 43.0
03/11/2014 18:07:50 27.8 29.8 46.0 46.0 43.0
03/11/2014 18:08:08 27.8 29.8 46.0 45.0 42.0
03/11/2014 18:08:26 27.8 29.8 47.0 47.0 43.0
03/11/2014 18:08:44 27.8 29.8 47.0 47.0 43.0
03/11/2014 18:09:02 27.8 29.8 46.0 46.0 43.0
03/11/2014 18:09:20 27.8 29.8 45.0 45.0 43.0
03/11/2014 18:09:38 27.8 29.8 46.0 46.0 43.0
03/11/2014 18:09:56 27.8 29.8 46.0 46.0 43.0
03/11/2014 18:10:14 27.8 29.8 46.0 46.0 44.0
03/11/2014 18:10:32 27.8 29.8 46.0 46.0 43.0
03/11/2014 18:10:50 27.8 29.8 46.0 46.0 43.0
03/11/2014 18:11:08 27.8 29.8 45.0 45.0 44.0
03/11/2014 18:11:26 27.8 29.8 46.0 46.0 43.0
03/11/2014 18:11:44 27.8 29.8 46.0 45.0 44.0
03/11/2014 18:12:02 27.8 29.8 46.0 46.0 43.0
03/11/2014 18:12:20 27.8 29.8 47.0 47.0 44.0
03/11/2014 18:12:38 27.8 29.8 46.0 46.0 43.0
03/11/2014 18:12:56 27.8 29.8 47.0 47.0 43.0
03/11/2014 18:13:14 27.8 29.8 47.0 47.0 43.0
03/11/2014 18:13:32 27.8 29.8 47.0 47.0 44.0
03/11/2014 18:13:50 27.8 29.8 48.0 46.0 43.0
03/11/2014 18:14:08 27.8 29.8 46.0 46.0 43.0
03/11/2014 18:14:26 27.8 29.8 46.0 46.0 43.0
03/11/2014 18:14:45 27.8 29.8 47.0 47.0 42.0
03/11/2014 18:15:03 27.8 29.8 45.0 45.0 42.0
03/11/2014 18:15:21 27.8 29.8 45.0 45.0 43.0
03/11/2014 18:15:39 27.8 29.8 45.0 44.0 43.0
03/11/2014 18:15:57 27.8 29.8 46.0 45.0 43.0
03/11/2014 18:16:15 27.8 29.8 46.0 46.0 43.0
03/11/2014 18:16:33 27.8 29.8 45.0 45.0 43.0
03/11/2014 18:16:51 27.8 29.8 46.0 46.0 43.0
03/11/2014 18:17:09 27.8 29.8 46.0 46.0 43.0
03/11/2014 18:17:27 27.8 29.8 46.0 46.0 44.0
03/11/2014 18:17:45 27.8 29.8 46.0 46.0 44.0
03/11/2014 18:18:03 27.8 29.8 46.0 46.0 43.0
03/11/2014 18:18:21 27.8 29.8 46.0 46.0 43.0
03/11/2014 18:18:39 27.8 29.8 47.0 47.0 43.0
03/11/2014 18:18:57 27.8 29.8 47.0 47.0 42.0
03/11/2014 18:19:15 27.8 29.8 47.0 46.0 43.0
03/11/2014 18:19:33 27.8 29.8 47.0 46.0 44.0
03/11/2014 18:19:51 27.8 29.8 47.0 46.0 44.0
03/11/2014 18:20:09 27.8 29.8 46.0 46.0 43.0
03/11/2014 18:20:27 27.8 29.8 47.0 46.0 42.0
03/11/2014 18:20:45 27.8 29.8 45.0 45.0 43.0
03/11/2014 18:21:03 27.8 29.8 46.0 46.0 44.0
03/11/2014 18:21:21 27.8 29.8 46.0 46.0 44.0
03/11/2014 18:21:39 27.8 29.8 47.0 47.0 43.0
03/11/2014 18:21:57 27.8 29.8 46.0 46.0 43.0
03/11/2014 18:22:15 27.8 29.8 46.0 46.0 44.0
03/11/2014 18:22:33 27.8 29.8 46.0 46.0 42.0
03/11/2014 18:22:51 27.8 29.8 46.0 46.0 43.0
03/11/2014 18:23:09 27.8 29.8 45.0 45.0 43.0
03/11/2014 18:23:27 27.8 29.8 45.0 43.0 45.0
03/11/2014 18:23:45 27.8 29.8 45.0 43.0 45.0
03/11/2014 18:24:03 27.8 29.8 45.0 44.0 45.0
03/11/2014 18:24:21 27.8 29.8 46.0 43.0 44.0
03/11/2014 18:24:39 27.8 29.8 44.0 44.0 45.0
03/11/2014 18:24:57 27.8 29.8 44.0 43.0 44.0
03/11/2014 18:25:15 27.8 29.8 45.0 44.0 45.0
03/11/2014 18:25:33 27.8 29.8 45.0 42.0 45.0
03/11/2014 18:25:51 27.8 29.8 44.0 43.0 44.0
03/11/2014 18:26:09 27.8 29.8 45.0 44.0 45.0
03/11/2014 18:26:27 27.8 29.8 44.0 43.0 44.0
03/11/2014 18:26:45 27.8 29.8 44.0 43.0 45.0
03/11/2014 18:27:03 27.8 29.8 44.0 43.0 44.0
03/11/2014 18:27:21 27.8 29.8 44.0 42.0 44.0
03/11/2014 18:27:39 27.8 29.8 44.0 42.0 44.0
03/11/2014 18:27:57 27.8 29.8 44.0 44.0 44.0
03/11/2014 18:28:15 27.8 29.8 44.0 43.0 44.0
03/11/2014 18:28:33 27.8 29.8 45.0 44.0 45.0
03/11/2014 18:28:51 27.8 29.8 45.0 44.0 45.0
03/11/2014 18:29:09 27.8 29.8 45.0 42.0 45.0
03/11/2014 18:29:27 27.8 29.8 45.0 44.0 45.0
03/11/2014 18:29:45 27.8 29.8 44.0 43.0 44.0
03/11/2014 18:30:03 27.8 29.8 44.0 43.0 44.0
03/11/2014 18:30:21 27.8 29.8 44.0 42.0 44.0
03/11/2014 18:30:39 27.8 29.8 45.0 43.0 46.0
03/11/2014 18:30:57 27.8 29.8 44.0 43.0 44.0
03/11/2014 18:31:15 27.8 29.8 45.0 43.0 45.0
03/11/2014 18:31:33 27.8 29.8 46.0 43.0 46.0
03/11/2014 18:31:51 27.8 29.8 46.0 43.0 46.0
03/11/2014 18:32:09 27.8 29.8 46.0 43.0 46.0
03/11/2014 18:32:27 27.8 29.8 45.0 44.0 45.0
03/11/2014 18:32:45 27.8 29.8 44.0 44.0 44.0
03/11/2014 18:33:03 27.8 29.8 44.0 43.0 44.0
03/11/2014 18:33:21 27.8 29.8 44.0 43.0 44.0
03/11/2014 18:33:39 27.8 29.8 44.0 44.0 44.0
03/11/2014 18:33:57 27.8 29.8 45.0 43.0 45.0
03/11/2014 18:34:15 27.8 29.8 45.0 42.0 45.0
03/11/2014 18:34:33 27.8 29.8 45.0 43.0 45.0
03/11/2014 18:34:51 27.8 29.8 45.0 42.0 45.0
03/11/2014 18:35:09 27.8 29.8 44.0 43.0 44.0
03/11/2014 18:35:27 27.8 29.8 45.0 43.0 45.0
03/11/2014 18:35:45 27.8 29.8 46.0 42.0 46.0
03/11/2014 18:36:03 27.8 29.8 45.0 42.0 45.0
03/11/2014 18:36:21 27.8 29.8 44.0 42.0 44.0
03/11/2014 18:36:39 27.8 29.8 45.0 42.0 45.0
03/11/2014 18:36:57 27.8 29.8 45.0 43.0 45.0
03/11/2014 18:37:15 27.8 29.8 45.0 43.0 45.0
03/11/2014 18:37:33 27.8 29.8 45.0 43.0 45.0
03/11/2014 18:37:51 27.8 29.8 46.0 44.0 45.0
03/11/2014 18:38:09 27.8 29.8 44.0 42.0 44.0
03/11/2014 18:38:27 27.8 29.8 45.0 43.0 45.0
03/11/2014 18:38:45 27.8 29.8 45.0 43.0 45.0
03/11/2014 18:39:04 27.8 29.8 46.0 43.0 46.0
03/11/2014 18:39:22 27.8 29.8 45.0 44.0 45.0
03/11/2014 18:39:40 27.8 29.8 44.0 44.0 44.0
03/11/2014 18:39:58 27.8 29.8 46.0 43.0 46.0
03/11/2014 18:40:16 27.8 29.8 45.0 43.0 45.0
03/11/2014 18:40:34 27.8 29.8 46.0 43.0 46.0
03/11/2014 18:40:52 27.8 29.8 45.0 42.0 45.0
03/11/2014 18:41:10 27.8 29.8 45.0 43.0 45.0
03/11/2014 18:41:28 27.8 29.8 46.0 44.0 46.0
03/11/2014 18:41:46 27.8 29.8 45.0 44.0 45.0
03/11/2014 18:42:04 27.8 29.8 45.0 44.0 45.0
03/11/2014 18:42:22 27.8 29.8 44.0 44.0 45.0
03/11/2014 18:42:40 27.8 29.8 45.0 44.0 45.0
03/11/2014 18:42:58 27.8 29.8 45.0 43.0 45.0
03/11/2014 18:43:16 27.8 29.8 46.0 44.0 46.0
03/11/2014 18:43:34 27.8 29.8 45.0 44.0 45.0
03/11/2014 18:43:52 27.8 29.8 45.0 43.0 46.0
03/11/2014 18:44:10 27.8 29.8 45.0 44.0 45.0
03/11/2014 18:44:28 27.8 29.8 45.0 45.0 45.0
03/11/2014 18:44:46 27.8 29.8 45.0 44.0 45.0
03/11/2014 18:45:04 27.8 29.8 45.0 44.0 45.0
03/11/2014 18:45:22 27.8 29.8 45.0 44.0 45.0
03/11/2014 18:45:40 27.8 29.8 45.0 43.0 45.0
03/11/2014 18:45:58 27.8 29.8 45.0 44.0 45.0
03/11/2014 18:46:16 27.8 29.8 46.0 42.0 46.0
03/11/2014 18:46:34 27.8 29.8 45.0 43.0 46.0
03/11/2014 18:46:52 27.8 29.8 46.0 43.0 45.0
03/11/2014 18:47:10 27.8 29.8 46.0 43.0 46.0
03/11/2014 18:47:28 27.8 29.8 46.0 43.0 46.0
03/11/2014 18:47:46 27.8 29.8 46.0 44.0 46.0
03/11/2014 18:48:04 27.8 29.8 46.0 43.0 46.0
03/11/2014 18:48:22 27.8 29.8 46.0 44.0 46.0
03/11/2014 18:48:40 27.8 29.8 44.0 42.0 45.0
03/11/2014 18:48:58 27.8 29.8 45.0 44.0 45.0
03/11/2014 18:49:16 27.8 29.8 46.0 44.0 46.0
03/11/2014 18:49:34 27.8 29.8 45.0 44.0 44.0
03/11/2014 18:49:52 27.8 29.8 45.0 43.0 45.0
03/11/2014 18:50:10 27.8 29.8 45.0 43.0 44.0
03/11/2014 18:50:28 27.8 29.8 44.0 41.0 44.0
03/11/2014 18:50:46 27.8 29.8 44.0 41.0 45.0
03/11/2014 18:51:04 27.8 29.8 44.0 43.0 43.0
03/11/2014 18:51:22 27.8 29.8 45.0 43.0 45.0
03/11/2014 18:51:40 27.8 29.8 44.0 41.0 44.0
03/11/2014 18:51:58 27.8 29.8 44.0 43.0 44.0
03/11/2014 18:52:16 27.8 29.8 44.0 42.0 44.0
03/11/2014 18:52:34 27.8 29.8 44.0 42.0 44.0
03/11/2014 18:52:52 27.8 29.8 45.0 42.0 45.0
03/11/2014 18:53:10 27.8 29.8 47.0 43.0 47.0
03/11/2014 18:53:28 27.8 29.8 45.0 43.0 46.0
03/11/2014 18:53:46 27.8 29.8 46.0 43.0 46.0
03/11/2014 18:54:04 27.8 29.8 46.0 43.0 47.0
03/11/2014 18:54:22 27.8 29.8 46.0 44.0 46.0
03/11/2014 18:54:40 27.8 29.8 46.0 44.0 46.0
03/11/2014 18:54:58 27.8 29.8 47.0 43.0 47.0
03/11/2014 18:55:16 27.8 29.8 45.0 43.0 45.0
03/11/2014 18:55:34 27.8 29.8 45.0 45.0 46.0
03/11/2014 18:55:52 27.8 29.8 46.0 45.0 46.0
03/11/2014 18:56:10 27.8 29.8 45.0 44.0 45.0
03/11/2014 18:56:28 27.8 29.8 45.0 44.0 45.0
03/11/2014 18:56:46 27.8 29.8 46.0 43.0 45.0
03/11/2014 18:57:04 27.8 29.8 45.0 44.0 45.0
03/11/2014 18:57:22 27.8 29.8 45.0 44.0 46.0
03/11/2014 18:57:40 27.8 29.8 44.0 43.0 44.0
03/11/2014 18:57:58 27.8 29.8 45.0 42.0 45.0
03/11/2014 18:58:16 27.8 29.8 45.0 42.0 45.0
03/11/2014 18:58:34 27.8 29.8 44.0 43.0 44.0
03/11/2014 18:58:52 27.8 29.8 45.0 43.0 45.0
03/11/2014 18:59:10 27.8 29.8 44.0 43.0 44.0
03/11/2014 18:59:28 27.8 29.8 44.0 42.0 44.0
03/11/2014 18:59:46 27.8 29.8 45.0 41.0 45.0
03/11/2014 19:00:04 27.8 29.8 44.0 42.0 44.0
03/11/2014 19:00:22 27.8 29.8 45.0 42.0 45.0
03/11/2014 19:00:40 27.8 29.8 44.0 41.0 44.0
03/11/2014 19:00:58 27.8 29.8 44.0 42.0 44.0
03/11/2014 19:01:16 27.8 29.8 44.0 42.0 43.0
03/11/2014 19:01:34 27.8 29.8 44.0 43.0 44.0
03/11/2014 19:01:52 27.8 29.8 44.0 43.0 44.0
03/11/2014 19:02:10 27.8 29.8 46.0 42.0 46.0
03/11/2014 19:02:28 27.8 29.8 45.0 43.0 45.0
03/11/2014 19:02:46 27.8 29.8 45.0 43.0 45.0
03/11/2014 19:03:05 27.8 29.8 45.0 43.0 44.0
03/11/2014 19:03:23 27.8 29.8 44.0 44.0 44.0
03/11/2014 19:03:41 27.8 29.8 45.0 43.0 45.0
03/11/2014 19:03:59 27.8 29.8 44.0 44.0 44.0
03/11/2014 19:04:17 27.8 29.8 45.0 44.0 45.0
03/11/2014 19:04:35 27.8 29.8 44.0 43.0 45.0
03/11/2014 19:04:53 27.8 29.8 44.0 43.0 44.0
03/11/2014 19:05:11 27.8 29.8 45.0 43.0 45.0
03/11/2014 19:05:29 27.8 29.8 44.0 44.0 44.0
03/11/2014 19:05:47 27.8 29.8 44.0 43.0 44.0
03/11/2014 19:06:05 27.8 29.8 45.0 44.0 45.0
03/11/2014 19:06:23 27.8 29.8 44.0 43.0 44.0
03/11/2014 19:06:41 27.8 29.8 45.0 43.0 45.0
03/11/2014 19:06:59 27.8 29.8 45.0 42.0 45.0
03/11/2014 19:07:17 27.8 29.8 45.0 44.0 45.0
03/11/2014 19:07:35 27.8 29.8 45.0 42.0 45.0
03/11/2014 19:07:53 27.8 29.8 45.0 43.0 45.0
03/11/2014 19:08:11 27.8 29.8 46.0 44.0 46.0
03/11/2014 19:08:29 27.8 29.8 44.0 43.0 44.0
03/11/2014 19:08:47 27.8 29.8 45.0 45.0 45.0
03/11/2014 19:09:05 27.8 29.8 44.0 43.0 44.0
03/11/2014 19:09:23 27.8 29.8 44.0 43.0 44.0
03/11/2014 19:09:41 27.8 29.8 44.0 41.0 44.0
03/11/2014 19:09:59 27.8 29.8 44.0 42.0 44.0
03/11/2014 19:10:17 27.8 29.8 44.0 43.0 44.0
03/11/2014 19:10:35 27.8 29.8 45.0 43.0 45.0
03/11/2014 19:10:53 27.8 29.8 44.0 42.0 44.0
03/11/2014 19:11:11 27.8 29.8 44.0 43.0 44.0
03/11/2014 19:11:29 27.8 29.8 45.0 42.0 44.0
03/11/2014 19:11:47 27.8 29.8 44.0 43.0 44.0
03/11/2014 19:12:05 27.8 29.8 45.0 43.0 45.0
03/11/2014 19:12:23 27.8 29.8 45.0 44.0 45.0
03/11/2014 19:12:41 27.8 29.8 44.0 42.0 44.0
03/11/2014 19:12:59 27.8 29.8 45.0 45.0 43.0
03/11/2014 19:13:17 27.8 29.8 45.0 45.0 42.0
03/11/2014 19:13:35 27.8 29.8 46.0 46.0 43.0
03/11/2014 19:13:53 27.8 29.8 46.0 45.0 42.0
03/11/2014 19:14:11 27.8 29.8 46.0 46.0 42.0
03/11/2014 19:14:29 27.8 29.8 46.0 46.0 43.0
03/11/2014 19:14:47 27.8 29.8 46.0 46.0 43.0
03/11/2014 19:15:05 27.8 29.8 46.0 46.0 43.0
03/11/2014 19:15:23 27.8 29.8 46.0 46.0 42.0
03/11/2014 19:15:41 27.8 29.8 46.0 46.0 42.0
03/11/2014 19:15:59 27.8 29.8 46.0 46.0 41.0
03/11/2014 19:16:17 27.8 29.8 45.0 45.0 43.0
03/11/2014 19:16:35 27.8 29.8 46.0 46.0 43.0
03/11/2014 19:16:53 27.8 29.8 45.0 45.0 42.0
03/11/2014 19:17:11 27.8 29.8 46.0 46.0 43.0
03/11/2014 19:17:29 27.8 29.8 45.0 45.0 43.0
03/11/2014 19:17:47 27.8 29.8 45.0 45.0 41.0
03/11/2014 19:18:05 27.8 29.8 46.0 46.0 43.0
03/11/2014 19:18:23 27.8 29.8 46.0 45.0 43.0
03/11/2014 19:18:41 27.8 29.8 47.0 47.0 42.0
03/11/2014 19:18:59 27.8 29.8 47.0 47.0 43.0
03/11/2014 19:19:17 27.8 29.8 46.0 46.0 41.0
03/11/2014 19:19:35 27.8 29.8 47.0 47.0 43.0
03/11/2014 19:19:53 27.8 29.8 46.0 46.0 42.0
03/11/2014 19:20:11 27.8 29.8 46.0 46.0 42.0
03/11/2014 19:20:29 27.8 29.8 46.0 46.0 43.0
03/11/2014 19:20:47 27.8 29.8 47.0 47.0 43.0
03/11/2014 19:21:05 27.8 29.8 48.0 48.0 43.0
03/11/2014 19:21:23 27.8 29.8 47.0 47.0 42.0
03/11/2014 19:21:41 27.8 29.8 47.0 47.0 43.0
03/11/2014 19:21:59 27.8 29.8 47.0 47.0 42.0
03/11/2014 19:22:17 27.8 29.8 46.0 46.0 43.0
03/11/2014 19:22:35 27.8 29.8 45.0 46.0 42.0
03/11/2014 19:22:53 27.8 29.8 46.0 44.0 43.0
03/11/2014 19:23:11 27.8 29.8 47.0 47.0 43.0
03/11/2014 19:23:29 27.8 29.8 46.0 46.0 43.0
03/11/2014 19:23:47 27.8 29.8 46.0 46.0 42.0
03/11/2014 19:24:05 27.8 29.8 46.0 46.0 43.0
03/11/2014 19:24:23 27.8 29.8 46.0 46.0 42.0
03/11/2014 19:24:41 27.8 29.8 46.0 46.0 43.0
03/11/2014 19:24:59 27.8 29.8 47.0 46.0 43.0
03/11/2014 19:25:17 27.8 29.8 45.0 45.0 43.0
03/11/2014 19:25:35 27.8 29.8 46.0 46.0 43.0
03/11/2014 19:25:53 27.8 29.8 47.0 47.0 42.0
03/11/2014 19:26:11 27.8 29.8 46.0 45.0 43.0
03/11/2014 19:26:29 27.8 29.8 46.0 46.0 43.0
03/11/2014 19:26:47 27.8 29.8 46.0 46.0 43.0
03/11/2014 19:27:06 27.8 29.8 46.0 46.0 44.0
03/11/2014 19:27:24 27.8 29.8 46.0 46.0 43.0
03/11/2014 19:27:42 27.8 29.8 46.0 46.0 43.0
03/11/2014 19:28:00 27.8 29.8 46.0 46.0 42.0
03/11/2014 19:28:18 27.8 29.8 46.0 46.0 43.0
03/11/2014 19:28:36 27.8 29.8 46.0 46.0 41.0
03/11/2014 19:28:54 27.8 29.8 46.0 46.0 43.0
03/11/2014 19:29:12 27.8 29.8 46.0 46.0 44.0
03/11/2014 19:29:30 27.8 29.8 46.0 46.0 43.0
03/11/2014 19:29:48 27.8 29.8 47.0 47.0 43.0
03/11/2014 19:30:06 27.8 29.8 45.0 45.0 43.0
03/11/2014 19:30:24 27.8 29.8 46.0 46.0 43.0
03/11/2014 19:30:42 27.8 29.8 46.0 47.0 43.0
03/11/2014 19:31:00 27.8 29.8 46.0 46.0 42.0
03/11/2014 19:31:18 27.8 29.8 46.0 46.0 42.0
03/11/2014 19:31:36 27.8 29.8 46.0 46.0 42.0
03/11/2014 19:31:54 27.8 29.8 47.0 47.0 43.0
03/11/2014 19:32:12 27.8 29.8 46.0 46.0 42.0
03/11/2014 19:32:30 27.8 29.8 46.0 46.0 42.0
03/11/2014 19:32:48 27.8 29.8 45.0 45.0 42.0
03/11/2014 19:33:06 27.8 29.8 46.0 46.0 43.0
03/11/2014 19:33:24 27.8 29.8 45.0 45.0 43.0
03/11/2014 19:33:42 27.8 29.8 45.0 45.0 42.0
03/11/2014 19:34:00 27.8 29.8 47.0 46.0 42.0
03/11/2014 19:34:18 27.8 29.8 46.0 46.0 44.0
03/11/2014 19:34:36 27.8 29.8 47.0 47.0 43.0
03/11/2014 19:34:54 27.8 29.8 47.0 47.0 43.0
03/11/2014 19:35:12 27.8 29.8 46.0 46.0 43.0
03/11/2014 19:35:30 27.8 29.8 46.0 46.0 43.0
03/11/2014 19:35:48 27.8 29.8 47.0 47.0 44.0
03/11/2014 19:36:06 27.8 29.8 47.0 47.0 43.0
03/11/2014 19:36:24 27.8 29.8 47.0 47.0 44.0
03/11/2014 19:36:42 27.8 29.8 46.0 46.0 44.0
03/11/2014 19:37:00 27.8 29.8 46.0 46.0 43.0
03/11/2014 19:37:18 27.8 29.8 46.0 46.0 43.0
03/11/2014 19:37:36 27.8 29.8 45.0 46.0 43.0
03/11/2014 19:37:54 27.8 29.8 47.0 47.0 43.0
03/11/2014 19:38:12 27.8 29.8 45.0 45.0 43.0
03/11/2014 19:38:30 27.8 29.8 45.0 45.0 43.0
03/11/2014 19:38:48 27.8 29.8 46.0 46.0 43.0
03/11/2014 19:39:06 27.8 29.8 46.0 46.0 44.0
03/11/2014 19:39:24 27.8 29.8 45.0 45.0 43.0
03/11/2014 19:39:42 27.8 29.8 46.0 46.0 43.0
03/11/2014 19:40:00 27.8 29.8 45.0 44.0 44.0
03/11/2014 19:40:18 27.8 29.8 46.0 46.0 43.0
03/11/2014 19:40:36 27.8 29.8 46.0 46.0 43.0
03/11/2014 19:40:54 27.8 29.8 44.0 44.0 42.0
03/11/2014 19:41:12 27.8 29.8 46.0 45.0 43.0
03/11/2014 19:41:30 27.8 29.8 47.0 47.0 43.0
03/11/2014 19:41:48 27.8 29.8 46.0 45.0 42.0
03/11/2014 19:42:06 27.8 29.8 46.0 46.0 43.0
03/11/2014 19:42:24 27.8 29.8 45.0 45.0 43.0
03/11/2014 19:42:42 27.8 29.8 45.0 44.0 43.0
03/11/2014 19:43:00 27.8 29.8 45.0 45.0 44.0
03/11/2014 19:43:18 27.8 29.8 45.0 45.0 43.0
03/11/2014 19:43:36 27.8 29.8 45.0 45.0 43.0
03/11/2014 19:43:54 27.8 29.8 45.0 45.0 42.0
03/11/2014 19:44:12 27.8 29.8 45.0 45.0 42.0
03/11/2014 19:44:30 27.8 29.8 45.0 44.0 42.0
03/11/2014 19:44:48 27.8 29.8 45.0 45.0 43.0
03/11/2014 19:45:06 27.8 29.8 44.0 44.0 42.0
03/11/2014 19:45:24 27.8 29.8 45.0 45.0 43.0
03/11/2014 19:45:42 27.8 29.8 45.0 45.0 42.0
03/11/2014 19:46:00 27.8 29.8 45.0 44.0 42.0
03/11/2014 19:46:18 27.8 29.8 45.0 44.0 43.0
03/11/2014 19:46:36 27.8 29.8 46.0 44.0 43.0
03/11/2014 19:46:54 27.8 29.8 45.0 45.0 42.0
03/11/2014 19:47:12 27.8 29.8 45.0 45.0 42.0
03/11/2014 19:47:30 27.8 29.8 45.0 44.0 42.0
03/11/2014 19:47:48 27.8 29.8 46.0 46.0 43.0
03/11/2014 19:48:06 27.8 29.8 46.0 46.0 43.0
03/11/2014 19:48:24 27.8 29.8 46.0 45.0 42.0
03/11/2014 19:48:42 27.8 29.8 45.0 45.0 42.0
03/11/2014 19:49:00 27.8 29.8 45.0 45.0 43.0
03/11/2014 19:49:18 27.8 29.8 46.0 45.0 42.0
03/11/2014 19:49:36 27.8 29.8 46.0 46.0 42.0
03/11/2014 19:49:54 27.8 29.8 46.0 46.0 43.0
03/11/2014 19:50:12 27.8 29.8 46.0 46.0 43.0
03/11/2014 19:50:30 27.8 29.8 46.0 46.0 42.0
03/11/2014 19:50:48 27.8 29.8 47.0 47.0 41.0
03/11/2014 19:51:06 27.8 29.8 46.0 45.0 43.0
03/11/2014 19:51:25 27.8 29.8 45.0 45.0 44.0
03/11/2014 19:51:43 27.8 29.8 45.0 45.0 43.0
03/11/2014 19:52:01 27.8 29.8 46.0 46.0 44.0
03/11/2014 19:52:19 27.8 29.8 46.0 46.0 43.0
03/11/2014 19:52:37 27.8 29.8 46.0 46.0 43.0
03/11/2014 19:52:55 27.8 29.8 46.0 46.0 43.0
03/11/2014 19:53:13 27.8 29.8 46.0 46.0 44.0
03/11/2014 19:53:31 27.8 29.8 47.0 46.0 43.0
03/11/2014 19:53:49 27.8 29.8 46.0 46.0 43.0
03/11/2014 19:54:07 27.8 29.8 46.0 46.0 44.0
03/11/2014 19:54:25 27.8 29.8 45.0 46.0 44.0
03/11/2014 19:54:43 27.8 29.8 46.0 46.0 44.0
03/11/2014 19:55:01 27.8 29.8 46.0 46.0 43.0
03/11/2014 19:55:19 27.8 29.8 46.0 46.0 43.0
03/11/2014 19:55:37 27.8 29.8 47.0 46.0 43.0
03/11/2014 19:55:55 27.8 29.8 45.0 43.0 45.0
03/11/2014 19:56:13 27.8 29.8 45.0 43.0 45.0
03/11/2014 19:56:31 27.8 29.8 46.0 42.0 46.0
03/11/2014 19:56:49 27.8 29.8 45.0 43.0 45.0
03/11/2014 19:57:07 27.8 29.8 44.0 43.0 44.0
03/11/2014 19:57:25 27.8 29.8 46.0 43.0 46.0
03/11/2014 19:57:43 27.8 29.8 45.0 42.0 45.0
03/11/2014 19:58:01 27.8 29.8 45.0 43.0 45.0
03/11/2014 19:58:19 27.8 29.8 46.0 42.0 46.0
03/11/2014 19:58:37 27.8 29.8 45.0 44.0 45.0
03/11/2014 19:58:55 27.8 29.8 45.0 43.0 45.0
03/11/2014 19:59:13 27.8 29.8 45.0 43.0 45.0
03/11/2014 19:59:31 27.8 29.8 45.0 43.0 45.0
03/11/2014 19:59:49 27.8 29.8 45.0 42.0 45.0
03/11/2014 20:00:07 27.8 29.8 44.0 42.0 44.0
03/11/2014 20:00:25 27.8 29.8 45.0 44.0 45.0
03/11/2014 20:00:43 27.8 29.8 45.0 43.0 45.0
03/11/2014 20:01:01 27.8 29.8 45.0 43.0 45.0
03/11/2014 20:01:19 27.8 29.8 45.0 43.0 44.0
03/11/2014 20:01:37 27.8 29.8 45.0 42.0 45.0
03/11/2014 20:01:55 27.8 29.8 46.0 43.0 46.0
03/11/2014 20:02:13 27.8 29.8 45.0 43.0 44.0
03/11/2014 20:02:31 27.8 29.8 46.0 42.0 46.0
03/11/2014 20:02:49 27.8 29.8 45.0 43.0 45.0
03/11/2014 20:03:07 27.8 29.8 45.0 43.0 45.0
03/11/2014 20:03:25 27.8 29.8 46.0 43.0 46.0
03/11/2014 20:03:43 27.8 29.8 45.0 43.0 46.0
03/11/2014 20:04:01 27.8 29.8 44.0 42.0 44.0
03/11/2014 20:04:19 27.8 29.8 45.0 43.0 45.0
03/11/2014 20:04:37 27.8 29.8 46.0 42.0 46.0
03/11/2014 20:04:55 27.8 29.8 45.0 43.0 45.0
03/11/2014 20:05:13 27.8 29.8 45.0 43.0 45.0
03/11/2014 20:05:31 27.8 29.8 46.0 42.0 46.0
03/11/2014 20:05:49 27.8 29.8 45.0 43.0 45.0
03/11/2014 20:06:07 27.8 29.8 45.0 43.0 45.0
03/11/2014 20:06:25 27.8 29.8 45.0 43.0 45.0
03/11/2014 20:06:43 27.8 29.8 44.0 42.0 44.0
03/11/2014 20:07:01 27.8 29.8 45.0 44.0 45.0
03/11/2014 20:07:19 27.8 29.8 45.0 43.0 45.0
03/11/2014 20:07:37 27.8 29.8 45.0 42.0 45.0
03/11/2014 20:07:55 27.8 29.8 46.0 43.0 46.0
03/11/2014 20:08:13 27.8 29.8 45.0 42.0 45.0
03/11/2014 20:08:31 27.8 29.8 46.0 43.0 46.0
03/11/2014 20:08:49 27.8 29.8 44.0 42.0 44.0
03/11/2014 20:09:07 27.8 29.8 45.0 43.0 45.0
03/11/2014 20:09:25 27.8 29.8 45.0 43.0 45.0
03/11/2014 20:09:43 27.8 29.8 44.0 42.0 44.0
03/11/2014 20:10:01 27.8 29.8 44.0 42.0 44.0
03/11/2014 20:10:19 27.8 29.8 45.0 42.0 45.0
03/11/2014 20:10:37 27.8 29.8 45.0 43.0 45.0
03/11/2014 20:10:55 27.8 29.8 44.0 42.0 44.0
03/11/2014 20:11:13 27.8 29.8 45.0 43.0 45.0
03/11/2014 20:11:31 27.8 29.8 45.0 42.0 45.0
03/11/2014 20:11:49 27.8 29.8 44.0 43.0 44.0
03/11/2014 20:12:07 27.8 29.8 45.0 43.0 45.0
03/11/2014 20:12:25 27.8 29.8 45.0 43.0 45.0
03/11/2014 20:12:43 27.8 29.8 45.0 43.0 45.0
03/11/2014 20:13:01 27.8 29.8 46.0 42.0 46.0
03/11/2014 20:13:19 27.8 29.8 45.0 43.0 44.0
03/11/2014 20:13:38 27.8 29.8 46.0 42.0 45.0
03/11/2014 20:13:56 27.8 29.8 46.0 43.0 46.0
03/11/2014 20:14:14 27.8 29.8 45.0 43.0 45.0
03/11/2014 20:14:32 27.8 29.8 45.0 43.0 45.0
03/11/2014 20:14:50 27.8 29.8 45.0 43.0 45.0
03/11/2014 20:15:08 27.8 29.8 46.0 43.0 46.0
03/11/2014 20:15:26 27.8 29.8 46.0 43.0 45.0
03/11/2014 20:15:44 27.8 29.8 45.0 44.0 45.0
03/11/2014 20:16:02 27.8 29.8 46.0 42.0 46.0
03/11/2014 20:16:20 27.8 29.8 45.0 43.0 45.0
03/11/2014 20:16:38 27.8 29.8 44.0 44.0 44.0
03/11/2014 20:16:56 27.8 29.8 45.0 42.0 45.0
03/11/2014 20:17:14 27.8 29.8 45.0 43.0 44.0
03/11/2014 20:17:32 27.8 29.8 46.0 43.0 46.0
03/11/2014 20:17:50 27.8 29.8 46.0 43.0 46.0
03/11/2014 20:18:08 27.8 29.8 45.0 43.0 45.0
03/11/2014 20:18:26 27.8 29.8 45.0 44.0 45.0
03/11/2014 20:18:44 27.8 29.8 45.0 41.0 44.0
03/11/2014 20:19:02 27.8 29.8 46.0 43.0 46.0
03/11/2014 20:19:20 27.8 29.8 44.0 43.0 44.0
03/11/2014 20:19:38 27.8 29.8 44.0 42.0 44.0
03/11/2014 20:19:56 27.8 29.8 44.0 43.0 44.0
03/11/2014 20:20:14 27.8 29.8 44.0 44.0 44.0
03/11/2014 20:20:32 27.8 29.8 44.0 42.0 44.0
03/11/2014 20:20:50 27.8 29.8 44.0 42.0 44.0
03/11/2014 20:21:08 27.8 29.8 44.0 43.0 44.0
03/11/2014 20:21:26 27.8 29.8 45.0 42.0 45.0
03/11/2014 20:21:44 27.8 29.8 44.0 42.0 44.0
03/11/2014 20:22:02 27.8 29.8 44.0 42.0 44.0
03/11/2014 20:22:20 27.8 29.8 44.0 42.0 44.0
03/11/2014 20:22:38 27.8 29.8 44.0 42.0 44.0
03/11/2014 20:22:56 27.8 29.8 44.0 42.0 44.0
03/11/2014 20:23:14 27.8 29.8 44.0 41.0 44.0
03/11/2014 20:23:32 27.8 29.8 44.0 42.0 44.0
03/11/2014 20:23:50 27.8 29.8 45.0 41.0 45.0
03/11/2014 20:24:08 27.8 29.8 46.0 42.0 46.0
03/11/2014 20:24:26 27.8 29.8 44.0 42.0 44.0
03/11/2014 20:24:44 27.8 29.8 45.0 42.0 45.0
03/11/2014 20:25:02 27.8 29.8 45.0 42.0 45.0
03/11/2014 20:25:20 27.8 29.8 44.0 43.0 44.0
03/11/2014 20:25:38 27.8 29.8 44.0 42.0 44.0
03/11/2014 20:25:56 27.8 29.8 44.0 42.0 44.0
03/11/2014 20:26:14 27.8 29.8 44.0 41.0 44.0
03/11/2014 20:26:32 27.8 29.8 46.0 43.0 45.0
03/11/2014 20:26:50 27.8 29.8 45.0 43.0 45.0
03/11/2014 20:27:08 27.8 29.8 45.0 41.0 45.0
03/11/2014 20:27:26 27.8 29.8 45.0 43.0 45.0
03/11/2014 20:27:44 27.8 29.8 44.0 43.0 44.0
03/11/2014 20:28:02 27.8 29.8 44.0 43.0 44.0
03/11/2014 20:28:20 27.8 29.8 44.0 43.0 44.0
03/11/2014 20:28:38 27.8 29.8 45.0 43.0 44.0
03/11/2014 20:28:56 27.8 29.8 45.0 43.0 45.0
03/11/2014 20:29:14 27.8 29.8 45.0 43.0 45.0
03/11/2014 20:29:32 27.8 29.8 46.0 43.0 46.0
03/11/2014 20:29:50 27.8 29.8 46.0 43.0 46.0
03/11/2014 20:30:08 27.8 29.8 45.0 43.0 45.0
03/11/2014 20:30:26 27.8 29.8 44.0 44.0 45.0
03/11/2014 20:30:44 27.8 29.8 45.0 43.0 45.0
03/11/2014 20:31:02 27.8 29.8 44.0 43.0 44.0
03/11/2014 20:31:20 27.8 29.8 44.0 42.0 44.0
03/11/2014 20:31:38 27.8 29.8 44.0 43.0 45.0
03/11/2014 20:31:56 27.8 29.8 45.0 43.0 45.0
03/11/2014 20:32:14 27.8 29.8 44.0 42.0 44.0
03/11/2014 20:32:32 27.8 29.8 45.0 42.0 45.0
03/11/2014 20:32:50 27.8 29.8 46.0 43.0 46.0
03/11/2014 20:33:08 27.8 29.8 45.0 43.0 45.0
03/11/2014 20:33:26 27.8 29.8 45.0 44.0 45.0
03/11/2014 20:33:44 27.8 29.8 44.0 43.0 44.0
03/11/2014 20:34:02 27.8 29.8 45.0 43.0 45.0
03/11/2014 20:34:20 27.8 29.8 44.0 43.0 44.0
03/11/2014 20:34:38 27.8 29.8 44.0 43.0 44.0
03/11/2014 20:34:56 27.8 29.8 45.0 43.0 45.0
03/11/2014 20:35:14 27.8 29.8 45.0 43.0 45.0
03/11/2014 20:35:32 27.8 29.8 44.0 44.0 44.0
03/11/2014 20:35:50 27.8 29.8 45.0 44.0 45.0
03/11/2014 20:36:08 27.8 29.8 45.0 43.0 45.0
03/11/2014 20:36:26 27.8 29.8 46.0 42.0 46.0
03/11/2014 20:36:44 27.8 29.8 45.0 43.0 45.0
03/11/2014 20:37:03 27.8 29.8 45.0 43.0 45.0
03/11/2014 20:37:21 27.8 29.8 44.0 42.0 44.0
03/11/2014 20:37:39 27.8 29.8 45.0 43.0 45.0
03/11/2014 20:37:57 27.8 29.8 46.0 43.0 46.0
03/11/2014 20:38:15 27.8 29.8 45.0 42.0 45.0
03/11/2014 20:38:33 27.8 29.8 44.0 42.0 44.0
03/11/2014 20:38:51 27.8 29.8 44.0 42.0 44.0
03/11/2014 20:39:09 27.8 29.8 44.0 42.0 44.0
03/11/2014 20:39:27 27.8 29.8 43.0 43.0 43.0
03/11/2014 20:39:45 27.8 29.8 44.0 42.0 44.0
03/11/2014 20:40:03 27.8 29.8 44.0 42.0 44.0
03/11/2014 20:40:21 27.8 29.8 44.0 42.0 43.0
03/11/2014 20:40:39 27.8 29.8 44.0 43.0 44.0
03/11/2014 20:40:57 27.8 29.8 44.0 42.0 44.0
03/11/2014 20:41:15 27.8 29.8 45.0 42.0 45.0
03/11/2014 20:41:33 27.8 29.8 44.0 43.0 44.0
03/11/2014 20:41:51 27.8 29.8 44.0 43.0 44.0
03/11/2014 20:42:09 27.8 29.8 45.0 42.0 45.0
03/11/2014 20:42:27 27.8 29.8 44.0 44.0 44.0
03/11/2014 20:42:45 27.8 29.8 45.0 43.0 45.0
03/11/2014 20:43:03 27.8 29.8 44.0 43.0 44.0
03/11/2014 20:43:21 27.8 29.8 45.0 42.0 45.0
03/11/2014 20:43:39 27.8 29.8 44.0 43.0 44.0
03/11/2014 20:43:57 27.8 29.8 44.0 43.0 44.0
03/11/2014 20:44:15 27.8 29.8 44.0 42.0 44.0
03/11/2014 20:44:33 27.8 29.8 44.0 43.0 44.0
03/11/2014 20:44:51 27.8 29.8 44.0 43.0 44.0
03/11/2014 20:45:09 27.8 29.8 44.0 43.0 44.0
03/11/2014 20:45:27 27.8 29.8 44.0 42.0 43.0
03/11/2014 20:45:45 27.8 29.8 44.0 43.0 44.0
03/11/2014 20:46:03 27.8 29.8 45.0 42.0 45.0
03/11/2014 20:46:21 27.8 29.8 45.0 43.0 45.0
03/11/2014 20:46:39 27.8 29.8 45.0 42.0 45.0
03/11/2014 20:46:57 27.8 29.8 44.0 43.0 45.0
03/11/2014 20:47:15 27.8 29.8 44.0 42.0 44.0
03/11/2014 20:47:33 27.8 29.8 45.0 43.0 44.0
03/11/2014 20:47:51 27.8 29.8 45.0 43.0 45.0
03/11/2014 20:48:09 27.8 29.8 45.0 43.0 44.0
03/11/2014 20:48:27 27.8 29.8 44.0 43.0 44.0
03/11/2014 20:48:45 27.8 29.8 44.0 42.0 44.0
03/11/2014 20:49:03 27.8 29.8 45.0 43.0 45.0
03/11/2014 20:49:21 27.8 29.8 44.0 43.0 44.0
03/11/2014 20:49:39 27.8 29.8 45.0 42.0 45.0
03/11/2014 20:49:57 27.8 29.8 44.0 43.0 44.0
03/11/2014 20:50:15 27.8 29.8 45.0 42.0 45.0
03/11/2014 20:50:33 27.8 29.8 45.0 43.0 45.0
03/11/2014 20:50:51 27.8 29.8 44.0 43.0 44.0
03/11/2014 20:51:09 27.8 29.8 46.0 44.0 46.0
03/11/2014 20:51:27 27.8 29.8 45.0 42.0 45.0
03/11/2014 20:51:45 27.8 29.8 44.0 43.0 44.0
03/11/2014 20:52:03 27.8 29.8 45.0 42.0 45.0
03/11/2014 20:52:21 27.8 29.8 44.0 44.0 44.0
03/11/2014 20:52:39 27.8 29.8 44.0 43.0 44.0
03/11/2014 20:52:57 27.8 29.8 44.0 42.0 44.0
03/11/2014 20:53:15 27.8 29.8 45.0 43.0 45.0
03/11/2014 20:53:33 27.8 29.8 44.0 42.0 44.0
03/11/2014 20:53:51 27.8 29.8 45.0 43.0 45.0
03/11/2014 20:54:09 27.8 29.8 44.0 42.0 44.0
03/11/2014 20:54:27 27.8 29.8 45.0 42.0 45.0
03/11/2014 20:54:45 27.8 29.8 44.0 42.0 44.0
03/11/2014 20:55:03 27.8 29.8 44.0 43.0 44.0
03/11/2014 20:55:21 27.8 29.8 44.0 42.0 44.0
03/11/2014 20:55:39 27.8 29.8 44.0 41.0 44.0
03/11/2014 20:55:57 27.8 29.8 44.0 42.0 44.0
03/11/2014 20:56:15 27.8 29.8 44.0 43.0 45.0
03/11/2014 20:56:33 27.8 29.8 45.0 42.0 45.0
03/11/2014 20:56:51 27.8 29.8 45.0 41.0 45.0
03/11/2014 20:57:09 27.8 29.8 44.0 42.0 45.0
03/11/2014 20:57:27 27.8 29.8 45.0 45.0 41.0
03/11/2014 20:57:45 27.8 29.8 44.0 44.0 44.0
03/11/2014 20:58:03 27.8 29.8 45.0 45.0 42.0
03/11/2014 20:58:21 27.8 29.8 45.0 43.0 44.0
03/11/2014 20:58:39 27.8 29.8 46.0 42.0 46.0
03/11/2014 20:58:57 27.8 29.8 46.0 44.0 46.0
03/11/2014 20:59:15 27.8 29.8 46.0 42.0 46.0
03/11/2014 20:59:33 27.8 29.8 46.0 43.0 45.0
03/11/2014 20:59:51 27.8 29.8 46.0 42.0 46.0
03/11/2014 21:00:09 27.8 29.8 46.0 44.0 46.0
03/11/2014 21:00:27 27.8 29.8 46.0 43.0 46.0
03/11/2014 21:00:46 27.8 29.8 46.0 43.0 46.0
03/11/2014 21:01:04 27.8 29.8 46.0 44.0 46.0
03/11/2014 21:01:22 27.8 29.8 45.0 44.0 46.0
03/11/2014 21:01:40 27.8 29.8 46.0 43.0 46.0
03/11/2014 21:01:58 27.8 29.8 46.0 44.0 46.0
03/11/2014 21:02:16 27.8 29.8 45.0 44.0 45.0
03/11/2014 21:02:34 27.8 29.8 45.0 44.0 45.0
03/11/2014 21:02:52 27.8 29.8 46.0 43.0 46.0
03/11/2014 21:03:10 27.8 29.8 46.0 44.0 46.0
03/11/2014 21:03:28 27.8 29.8 46.0 43.0 46.0
03/11/2014 21:03:46 27.8 29.8 44.0 43.0 44.0
03/11/2014 21:04:04 27.8 29.8 45.0 43.0 45.0
03/11/2014 21:04:22 27.8 29.8 45.0 44.0 45.0
03/11/2014 21:04:40 27.8 29.8 45.0 43.0 45.0
03/11/2014 21:04:58 27.8 29.8 45.0 43.0 45.0
03/11/2014 21:05:16 27.8 29.8 44.0 43.0 44.0
03/11/2014 21:05:34 27.8 29.8 44.0 43.0 44.0
03/11/2014 21:05:52 27.8 29.8 44.0 42.0 44.0
03/11/2014 21:06:10 27.8 29.8 45.0 43.0 45.0
03/11/2014 21:06:28 27.8 29.8 45.0 43.0 45.0
03/11/2014 21:06:46 27.8 29.8 44.0 44.0 44.0
03/11/2014 21:07:04 27.8 29.8 45.0 43.0 45.0
03/11/2014 21:07:22 27.8 29.8 45.0 44.0 45.0
03/11/2014 21:07:40 27.8 29.8 44.0 44.0 44.0
03/11/2014 21:07:58 27.8 29.8 45.0 42.0 45.0
03/11/2014 21:08:16 27.8 29.8 45.0 43.0 45.0
03/11/2014 21:08:34 27.8 29.8 44.0 43.0 44.0
03/11/2014 21:08:52 27.8 29.8 45.0 44.0 45.0
03/11/2014 21:09:10 27.8 29.8 45.0 43.0 45.0
03/11/2014 21:09:28 27.8 29.8 44.0 43.0 44.0
03/11/2014 21:09:46 27.8 29.8 44.0 43.0 44.0
03/11/2014 21:10:04 27.8 29.8 44.0 43.0 44.0
03/11/2014 21:10:22 27.8 29.8 44.0 43.0 44.0
03/11/2014 21:10:40 27.8 29.8 45.0 43.0 45.0
03/11/2014 21:10:58 27.8 29.8 44.0 43.0 44.0
03/11/2014 21:11:16 27.8 29.8 44.0 43.0 44.0
03/11/2014 21:11:34 27.8 29.8 44.0 43.0 44.0
03/11/2014 21:11:52 27.8 29.8 43.0 42.0 43.0
03/11/2014 21:12:10 27.8 29.8 44.0 42.0 44.0
03/11/2014 21:12:28 27.8 29.8 44.0 43.0 44.0
03/11/2014 21:12:46 27.8 29.8 44.0 43.0 44.0
03/11/2014 21:13:04 27.8 29.8 44.0 42.0 44.0
03/11/2014 21:13:22 27.8 29.8 45.0 41.0 44.0
03/11/2014 21:13:40 27.8 29.8 44.0 42.0 45.0
03/11/2014 21:13:58 27.8 29.8 44.0 43.0 43.0
03/11/2014 21:14:16 27.8 29.8 44.0 43.0 44.0
03/11/2014 21:14:34 27.8 29.8 44.0 43.0 44.0
03/11/2014 21:14:52 27.8 29.8 44.0 42.0 44.0
03/11/2014 21:15:10 27.8 29.8 44.0 43.0 44.0
03/11/2014 21:15:28 27.8 29.8 44.0 43.0 44.0
03/11/2014 21:15:46 27.8 29.8 45.0 43.0 44.0
03/11/2014 21:16:04 27.8 29.8 44.0 43.0 44.0
03/11/2014 21:16:22 27.8 29.8 44.0 43.0 44.0
03/11/2014 21:16:40 27.8 29.8 43.0 43.0 43.0
03/11/2014 21:16:58 27.8 29.8 44.0 42.0 44.0
03/11/2014 21:17:16 27.8 29.8 44.0 43.0 44.0
03/11/2014 21:17:34 27.8 29.8 44.0 43.0 44.0
03/11/2014 21:17:52 27.8 29.8 43.0 43.0 43.0
03/11/2014 21:18:10 27.8 29.8 44.0 43.0 44.0
03/11/2014 21:18:28 27.8 29.8 44.0 44.0 44.0
03/11/2014 21:18:46 27.8 29.8 44.0 42.0 43.0
03/11/2014 21:19:04 27.8 29.8 44.0 42.0 43.0
03/11/2014 21:19:22 27.8 29.8 44.0 43.0 44.0
03/11/2014 21:19:40 27.8 29.8 44.0 44.0 44.0
03/11/2014 21:19:58 27.8 29.8 44.0 44.0 43.0
03/11/2014 21:20:16 27.8 29.8 44.0 43.0 44.0
03/11/2014 21:20:34 27.8 29.8 44.0 43.0 44.0
03/11/2014 21:20:52 27.8 29.8 44.0 42.0 43.0
03/11/2014 21:21:10 27.8 29.8 44.0 43.0 44.0
03/11/2014 21:21:28 27.8 29.8 45.0 42.0 45.0
03/11/2014 21:21:46 27.8 29.8 45.0 42.0 45.0
03/11/2014 21:22:04 27.8 29.8 45.0 43.0 45.0
03/11/2014 21:22:22 27.8 29.8 44.0 42.0 44.0
03/11/2014 21:22:40 27.8 29.8 44.0 42.0 44.0
03/11/2014 21:22:58 27.8 29.8 44.0 42.0 44.0
03/11/2014 21:23:16 27.8 29.8 44.0 43.0 44.0
03/11/2014 21:23:34 27.8 29.8 44.0 44.0 44.0
03/11/2014 21:23:52 27.8 29.8 45.0 43.0 45.0
03/11/2014 21:24:10 27.8 29.8 44.0 43.0 44.0
03/11/2014 21:24:28 27.8 29.8 43.0 43.0 43.0
03/11/2014 21:24:47 27.8 29.8 45.0 44.0 44.0
03/11/2014 21:25:05 27.8 29.8 45.0 44.0 45.0
03/11/2014 21:25:23 27.8 29.8 45.0 45.0 45.0
03/11/2014 21:25:41 27.8 29.8 45.0 42.0 45.0
03/11/2014 21:25:59 27.8 29.8 44.0 43.0 44.0
03/11/2014 21:26:17 27.8 29.8 44.0 43.0 44.0
03/11/2014 21:26:35 27.8 29.8 44.0 42.0 44.0
03/11/2014 21:26:53 27.8 29.8 44.0 43.0 44.0
03/11/2014 21:27:11 27.8 29.8 44.0 43.0 44.0
03/11/2014 21:27:29 27.8 29.8 44.0 43.0 44.0
03/11/2014 21:27:47 27.8 29.8 44.0 42.0 44.0
03/11/2014 21:28:05 27.8 29.8 44.0 44.0 44.0
03/11/2014 21:28:23 27.8 29.8 44.0 43.0 44.0
03/11/2014 21:28:41 27.8 29.8 44.0 43.0 44.0
03/11/2014 21:28:59 27.8 29.8 44.0 42.0 44.0
03/11/2014 21:29:17 27.8 29.8 44.0 43.0 44.0
03/11/2014 21:29:35 27.8 29.8 45.0 44.0 44.0
03/11/2014 21:29:53 27.8 29.8 44.0 42.0 44.0
03/11/2014 21:30:11 27.8 29.8 44.0 42.0 44.0
03/11/2014 21:30:29 27.8 29.8 44.0 43.0 44.0
03/11/2014 21:30:47 27.8 29.8 44.0 43.0 44.0
03/11/2014 21:31:05 27.8 29.8 45.0 43.0 44.0
03/11/2014 21:31:23 27.8 29.8 44.0 44.0 45.0
03/11/2014 21:31:41 27.8 29.8 44.0 43.0 44.0
03/11/2014 21:31:59 27.8 29.8 44.0 42.0 44.0
03/11/2014 21:32:17 27.8 29.8 44.0 42.0 44.0
03/11/2014 21:32:35 27.8 29.8 44.0 44.0 44.0
03/11/2014 21:32:53 27.8 29.8 45.0 44.0 45.0
03/11/2014 21:33:11 27.8 29.8 45.0 43.0 45.0
03/11/2014 21:33:29 27.8 29.8 45.0 44.0 44.0
03/11/2014 21:33:47 27.8 29.8 45.0 42.0 45.0
03/11/2014 21:34:05 27.8 29.8 46.0 43.0 46.0
03/11/2014 21:34:23 27.8 29.8 45.0 43.0 44.0
03/11/2014 21:34:41 27.8 29.8 44.0 42.0 44.0
03/11/2014 21:34:59 27.8 29.8 44.0 42.0 44.0
03/11/2014 21:35:17 27.8 29.8 44.0 43.0 44.0
03/11/2014 21:35:35 27.8 29.8 44.0 43.0 44.0
03/11/2014 21:35:53 27.8 29.8 44.0 43.0 44.0
03/11/2014 21:36:11 27.8 29.8 45.0 42.0 44.0
03/11/2014 21:36:29 27.8 29.8 44.0 41.0 45.0
03/11/2014 21:36:47 27.8 29.8 44.0 43.0 44.0
03/11/2014 21:37:05 27.8 29.8 45.0 42.0 45.0
03/11/2014 21:37:23 27.8 29.8 45.0 43.0 45.0
03/11/2014 21:37:41 27.8 29.8 45.0 42.0 45.0
03/11/2014 21:37:59 27.8 29.8 45.0 43.0 45.0
03/11/2014 21:38:17 27.8 29.8 45.0 42.0 45.0
03/11/2014 21:38:35 27.8 29.8 44.0 43.0 44.0
03/11/2014 21:38:53 27.8 29.8 45.0 42.0 45.0
03/11/2014 21:39:11 27.8 29.8 44.0 41.0 44.0
03/11/2014 21:39:29 27.8 29.8 45.0 42.0 45.0
03/11/2014 21:39:47 27.8 29.8 45.0 44.0 44.0
03/11/2014 21:40:05 27.8 29.8 44.0 42.0 44.0
03/11/2014 21:40:23 27.8 29.8 45.0 42.0 44.0
03/11/2014 21:40:41 27.8 29.8 44.0 42.0 44.0
03/11/2014 21:40:59 27.8 29.8 45.0 43.0 45.0
03/11/2014 21:41:17 27.8 29.8 44.0 42.0 44.0
03/11/2014 21:41:35 27.8 29.8 45.0 42.0 45.0
03/11/2014 21:41:53 27.8 29.8 45.0 42.0 44.0
03/11/2014 21:42:11 27.8 29.8 45.0 43.0 44.0
03/11/2014 21:42:29 27.8 29.8 44.0 40.0 44.0
03/11/2014 21:42:47 27.8 29.8 44.0 42.0 44.0
03/11/2014 21:43:05 27.8 29.8 44.0 42.0 44.0
03/11/2014 21:43:23 27.8 29.8 44.0 42.0 43.0
03/11/2014 21:43:41 27.8 29.8 44.0 42.0 44.0
03/11/2014 21:43:59 27.8 29.8 45.0 43.0 44.0
03/11/2014 21:44:17 27.8 29.8 44.0 42.0 44.0
03/11/2014 21:44:35 27.8 29.8 45.0 42.0 45.0
03/11/2014 21:44:53 27.8 29.8 45.0 42.0 45.0
03/11/2014 21:45:11 27.8 29.8 45.0 43.0 45.0
03/11/2014 21:45:29 27.8 29.8 45.0 43.0 45.0
03/11/2014 21:45:47 27.8 29.8 45.0 42.0 44.0
03/11/2014 21:46:05 27.8 29.8 45.0 41.0 45.0
03/11/2014 21:46:23 27.8 29.8 45.0 42.0 44.0
03/11/2014 21:46:41 27.8 29.8 45.0 43.0 45.0
03/11/2014 21:46:59 27.8 29.8 44.0 42.0 45.0
03/11/2014 21:47:17 27.8 29.8 46.0 44.0 46.0
03/11/2014 21:47:35 27.8 29.8 45.0 43.0 45.0
03/11/2014 21:47:53 27.8 29.8 46.0 44.0 46.0
03/11/2014 21:48:11 27.8 29.8 45.0 43.0 45.0
03/11/2014 21:48:29 27.8 29.8 46.0 43.0 46.0
03/11/2014 21:48:48 27.8 29.8 45.0 43.0 45.0
03/11/2014 21:49:06 27.8 29.8 44.0 43.0 44.0
03/11/2014 21:49:24 27.8 29.8 44.0 42.0 44.0
03/11/2014 21:49:42 27.8 29.8 45.0 42.0 45.0
03/11/2014 21:50:00 27.8 29.8 44.0 41.0 44.0
03/11/2014 21:50:18 27.8 29.8 45.0 42.0 45.0
03/11/2014 21:50:36 27.8 29.8 44.0 41.0 44.0
03/11/2014 21:50:54 27.8 29.8 44.0 43.0 44.0
03/11/2014 21:51:12 27.8 29.8 43.0 43.0 43.0
03/11/2014 21:51:30 27.8 29.8 45.0 42.0 43.0
03/11/2014 21:51:48 27.8 29.8 44.0 42.0 43.0
03/11/2014 21:52:06 27.8 29.8 45.0 43.0 44.0
03/11/2014 21:52:24 27.8 29.8 45.0 42.0 45.0
03/11/2014 21:52:42 27.8 29.8 45.0 42.0 44.0
03/11/2014 21:53:00 27.8 29.8 45.0 41.0 44.0
03/11/2014 21:53:18 27.8 29.8 44.0 42.0 44.0
03/11/2014 21:53:36 27.8 29.8 44.0 42.0 44.0
03/11/2014 21:53:54 27.8 29.8 45.0 42.0 45.0
03/11/2014 21:54:12 27.8 29.8 44.0 41.0 44.0
03/11/2014 21:54:30 27.8 29.8 44.0 42.0 44.0
03/11/2014 21:54:48 27.8 29.8 46.0 43.0 46.0
03/11/2014 21:55:06 27.8 29.8 45.0 42.0 45.0
03/11/2014 21:55:24 27.8 29.8 46.0 43.0 45.0
03/11/2014 21:55:42 27.8 29.8 45.0 42.0 44.0
03/11/2014 21:56:00 27.8 29.8 45.0 44.0 45.0
03/11/2014 21:56:18 27.8 29.8 45.0 43.0 45.0
03/11/2014 21:56:36 27.8 29.8 46.0 42.0 45.0
03/11/2014 21:56:54 27.8 29.8 47.0 43.0 46.0
03/11/2014 21:57:12 27.8 29.8 46.0 43.0 45.0
03/11/2014 21:57:30 27.8 29.8 46.0 42.0 45.0
03/11/2014 21:57:48 27.8 29.8 45.0 43.0 45.0
03/11/2014 21:58:06 27.8 29.8 46.0 42.0 46.0
03/11/2014 21:58:24 27.8 29.8 46.0 43.0 46.0
03/11/2014 21:58:42 27.8 29.8 46.0 42.0 45.0
03/11/2014 21:59:00 27.8 29.8 46.0 43.0 46.0
03/11/2014 21:59:18 27.8 29.8 45.0 42.0 45.0
03/11/2014 21:59:36 27.8 29.8 45.0 42.0 45.0
03/11/2014 21:59:54 27.8 29.8 45.0 40.0 44.0
03/11/2014 22:00:12 27.8 29.8 46.0 42.0 46.0
03/11/2014 22:00:30 27.8 29.8 46.0 41.0 45.0
03/11/2014 22:00:48 27.8 29.8 45.0 41.0 45.0
03/11/2014 22:01:06 27.8 29.8 45.0 42.0 45.0
03/11/2014 22:01:24 27.8 29.8 46.0 42.0 46.0
03/11/2014 22:01:42 27.8 29.8 46.0 43.0 45.0
03/11/2014 22:02:00 27.8 29.8 47.0 46.0 43.0
03/11/2014 22:02:18 27.8 29.8 46.0 45.0 43.0
03/11/2014 22:02:36 27.8 29.8 46.0 46.0 43.0
03/11/2014 22:02:54 27.8 29.8 46.0 46.0 44.0
03/11/2014 22:03:12 27.8 29.8 46.0 46.0 43.0
03/11/2014 22:03:30 27.8 29.8 46.0 45.0 43.0
03/11/2014 22:03:48 27.8 29.8 47.0 47.0 44.0
03/11/2014 22:04:06 27.8 29.8 46.0 45.0 43.0
03/11/2014 22:04:24 27.8 29.8 46.0 46.0 44.0
03/11/2014 22:04:42 27.8 29.8 46.0 46.0 43.0
03/11/2014 22:05:00 27.8 29.8 46.0 46.0 43.0
03/11/2014 22:05:18 27.8 29.8 47.0 46.0 43.0
