06/11/2014 16:29:49 27.8 29.8 42.0 42.0 40.0
06/11/2014 16:31:09 27.8 29.8 46.0 46.0 44.0
06/11/2014 16:32:29 27.8 29.8 46.0 48.0 46.0
06/11/2014 16:33:49 27.8 29.8 48.0 48.0 46.0
06/11/2014 16:35:09 27.8 29.8 46.0 47.0 46.0
06/11/2014 16:36:29 27.8 29.8 48.0 48.0 47.0
06/11/2014 16:37:49 27.8 29.8 48.0 48.0 46.0
06/11/2014 16:39:09 27.8 29.8 48.0 48.0 48.0
06/11/2014 16:40:29 27.8 29.8 48.0 48.0 47.0
06/11/2014 16:41:49 27.8 29.8 48.0 48.0 46.0
06/11/2014 16:43:09 27.8 29.8 47.0 47.0 44.0
06/11/2014 16:44:30 27.8 29.8 47.0 47.0 46.0
06/11/2014 16:45:50 27.8 29.8 47.0 46.0 47.0
06/11/2014 16:47:10 27.8 29.8 48.0 48.0 46.0
06/11/2014 16:48:30 27.8 29.8 47.0 47.0 46.0
06/11/2014 16:49:50 27.8 29.8 47.0 47.0 45.0
06/11/2014 16:51:10 27.8 29.8 48.0 48.0 46.0
06/11/2014 16:52:30 27.8 29.8 47.0 47.0 46.0
06/11/2014 16:53:50 27.8 29.8 48.0 48.0 46.0
06/11/2014 16:55:10 27.8 29.8 46.0 46.0 45.0
06/11/2014 16:56:30 27.8 29.8 47.0 47.0 46.0
06/11/2014 16:57:50 27.8 29.8 47.0 47.0 46.0
06/11/2014 16:59:10 27.8 29.8 47.0 47.0 46.0
06/11/2014 17:00:30 27.8 29.8 46.0 46.0 45.0
06/11/2014 17:01:50 27.8 29.8 47.0 47.0 45.0
06/11/2014 17:03:10 27.8 29.8 47.0 47.0 45.0
06/11/2014 17:04:31 27.8 29.8 47.0 47.0 46.0
06/11/2014 17:05:51 27.8 29.8 48.0 47.0 46.0
06/11/2014 17:07:11 27.8 29.8 47.0 46.0 47.0
06/11/2014 17:08:31 27.8 29.8 48.0 48.0 46.0
06/11/2014 17:09:51 27.8 29.8 46.0 46.0 46.0
06/11/2014 17:11:11 27.8 29.8 48.0 48.0 46.0
06/11/2014 17:12:31 27.8 29.8 47.0 47.0 45.0
06/11/2014 17:13:51 27.8 29.8 47.0 46.0 45.0
06/11/2014 17:15:11 27.8 29.8 47.0 47.0 46.0
06/11/2014 17:16:31 27.8 29.8 47.0 47.0 46.0
06/11/2014 17:17:51 27.8 29.8 47.0 47.0 46.0
06/11/2014 17:19:11 27.8 29.8 47.0 46.0 45.0
06/11/2014 17:20:31 27.8 29.8 47.0 47.0 46.0
06/11/2014 17:21:51 27.8 29.8 48.0 47.0 47.0
06/11/2014 17:23:12 27.8 29.8 48.0 48.0 47.0
06/11/2014 17:24:32 27.8 29.8 48.0 48.0 47.0
06/11/2014 17:25:52 27.8 29.8 49.0 49.0 46.0
06/11/2014 17:27:12 27.8 29.8 47.0 46.0 45.0
06/11/2014 17:28:32 27.8 29.8 48.0 48.0 47.0
06/11/2014 17:29:52 27.8 29.8 47.0 47.0 47.0
06/11/2014 17:31:12 27.8 29.8 47.0 47.0 46.0
06/11/2014 17:32:32 27.8 29.8 48.0 48.0 45.0
06/11/2014 17:33:52 27.8 29.8 48.0 48.0 46.0
06/11/2014 17:35:12 27.8 29.8 48.0 48.0 45.0
06/11/2014 17:36:32 27.8 29.8 47.0 47.0 46.0
06/11/2014 17:37:52 27.8 29.8 48.0 48.0 46.0
06/11/2014 17:39:12 27.8 29.8 48.0 48.0 45.0
06/11/2014 17:40:32 27.8 29.8 48.0 48.0 46.0
06/11/2014 17:41:52 27.8 29.8 49.0 49.0 47.0
06/11/2014 17:43:12 27.8 29.8 48.0 47.0 47.0
06/11/2014 17:44:33 27.8 29.8 47.0 46.0 45.0
06/11/2014 17:45:53 27.8 29.8 47.0 47.0 46.0
06/11/2014 17:47:13 27.8 29.8 48.0 48.0 46.0
06/11/2014 17:48:33 27.8 29.8 48.0 48.0 45.0
06/11/2014 17:49:53 27.8 29.8 46.0 47.0 44.0
06/11/2014 17:51:13 27.8 29.8 47.0 47.0 45.0
06/11/2014 17:52:33 27.8 29.8 48.0 47.0 45.0
06/11/2014 17:53:53 27.8 29.8 47.0 47.0 45.0
06/11/2014 17:55:13 27.8 29.8 49.0 48.0 48.0
06/11/2014 17:56:33 27.8 29.8 48.0 47.0 46.0
06/11/2014 17:57:53 27.8 29.8 48.0 47.0 46.0
06/11/2014 17:59:13 27.8 29.8 48.0 48.0 46.0
06/11/2014 18:00:33 27.8 29.8 47.0 47.0 46.0
06/11/2014 18:01:53 27.8 29.8 48.0 48.0 45.0
06/11/2014 18:03:14 27.8 29.8 48.0 48.0 44.0
06/11/2014 18:04:34 27.8 29.8 48.0 48.0 47.0
06/11/2014 18:05:54 27.8 29.8 48.0 48.0 47.0
06/11/2014 18:07:14 27.8 29.8 47.0 47.0 47.0
06/11/2014 18:08:34 27.8 29.8 47.0 47.0 45.0
06/11/2014 18:09:54 27.8 29.8 48.0 47.0 45.0
06/11/2014 18:11:14 27.8 29.8 47.0 47.0 46.0
06/11/2014 18:12:34 27.8 29.8 47.0 47.0 45.0
06/11/2014 18:13:54 27.8 29.8 47.0 47.0 45.0
06/11/2014 18:15:14 27.8 29.8 48.0 48.0 46.0
06/11/2014 18:16:34 27.8 29.8 47.0 47.0 46.0
06/11/2014 18:17:54 27.8 29.8 47.0 47.0 45.0
06/11/2014 18:19:14 27.8 29.8 48.0 47.0 47.0
06/11/2014 18:20:34 27.8 29.8 47.0 47.0 46.0
06/11/2014 18:21:54 27.8 29.8 47.0 46.0 45.0
06/11/2014 18:23:15 27.8 29.8 47.0 47.0 45.0
06/11/2014 18:24:35 27.8 29.8 46.0 46.0 46.0
06/11/2014 18:25:55 27.8 29.8 47.0 47.0 47.0
06/11/2014 18:27:15 27.8 29.8 47.0 45.0 47.0
06/11/2014 18:28:35 27.8 29.8 47.0 47.0 46.0
06/11/2014 18:29:55 27.8 29.8 47.0 46.0 46.0
06/11/2014 18:31:15 27.8 29.8 47.0 48.0 46.0
06/11/2014 18:32:35 27.8 29.8 47.0 46.0 47.0
06/11/2014 18:33:55 27.8 29.8 48.0 47.0 46.0
06/11/2014 18:35:15 27.8 29.8 47.0 47.0 47.0
06/11/2014 18:36:35 27.8 29.8 47.0 47.0 46.0
06/11/2014 18:37:55 27.8 29.8 46.0 46.0 46.0
06/11/2014 18:39:15 27.8 29.8 47.0 48.0 46.0
06/11/2014 18:40:35 27.8 29.8 49.0 49.0 46.0
06/11/2014 18:41:56 27.8 29.8 47.0 47.0 46.0
06/11/2014 18:43:16 27.8 29.8 46.0 46.0 46.0
06/11/2014 18:44:36 27.8 29.8 47.0 46.0 47.0
06/11/2014 18:45:56 27.8 29.8 47.0 47.0 45.0
06/11/2014 18:47:16 27.8 29.8 48.0 48.0 47.0
06/11/2014 18:48:36 27.8 29.8 47.0 46.0 46.0
06/11/2014 18:49:56 27.8 29.8 46.0 46.0 46.0
06/11/2014 18:51:16 27.8 29.8 47.0 47.0 47.0
06/11/2014 18:52:36 27.8 29.8 47.0 46.0 46.0
06/11/2014 18:53:56 27.8 29.8 47.0 47.0 44.0
06/11/2014 18:55:16 27.8 29.8 47.0 47.0 46.0
06/11/2014 18:56:36 27.8 29.8 47.0 47.0 45.0
06/11/2014 18:57:56 27.8 29.8 48.0 48.0 45.0
06/11/2014 18:59:16 27.8 29.8 48.0 48.0 45.0
06/11/2014 19:00:37 27.8 29.8 48.0 48.0 46.0
06/11/2014 19:01:57 27.8 29.8 47.0 47.0 46.0
06/11/2014 19:03:17 27.8 29.8 47.0 47.0 47.0
06/11/2014 19:04:37 27.8 29.8 48.0 48.0 46.0
06/11/2014 19:05:57 27.8 29.8 47.0 47.0 46.0
06/11/2014 19:07:17 27.8 29.8 47.0 47.0 46.0
06/11/2014 19:08:37 27.8 29.8 47.0 47.0 45.0
06/11/2014 19:09:57 27.8 29.8 47.0 47.0 46.0
06/11/2014 19:11:17 27.8 29.8 48.0 48.0 46.0
06/11/2014 19:12:37 27.8 29.8 46.0 46.0 46.0
06/11/2014 19:13:57 27.8 29.8 48.0 48.0 45.0
06/11/2014 19:15:17 27.8 29.8 47.0 47.0 45.0
06/11/2014 19:16:37 27.8 29.8 49.0 48.0 46.0
06/11/2014 19:17:57 27.8 29.8 48.0 49.0 47.0
06/11/2014 19:19:17 27.8 29.8 47.0 47.0 46.0
06/11/2014 19:20:38 27.8 29.8 47.0 47.0 46.0
06/11/2014 19:21:58 27.8 29.8 48.0 48.0 46.0
06/11/2014 19:23:18 27.8 29.8 48.0 47.0 46.0
06/11/2014 19:24:38 27.8 29.8 48.0 48.0 45.0
06/11/2014 19:25:58 27.8 29.8 48.0 48.0 46.0
06/11/2014 19:27:18 27.8 29.8 47.0 47.0 47.0
06/11/2014 19:28:38 27.8 29.8 47.0 47.0 46.0
06/11/2014 19:29:58 27.8 29.8 47.0 47.0 47.0
06/11/2014 19:31:18 27.8 29.8 48.0 47.0 47.0
06/11/2014 19:32:38 27.8 29.8 49.0 49.0 47.0
06/11/2014 19:33:58 27.8 29.8 48.0 48.0 46.0
06/11/2014 19:35:18 27.8 29.8 48.0 48.0 46.0
06/11/2014 19:36:38 27.8 29.8 48.0 48.0 47.0
06/11/2014 19:37:58 27.8 29.8 47.0 47.0 47.0
06/11/2014 19:39:18 27.8 29.8 48.0 48.0 45.0
06/11/2014 19:40:39 27.8 29.8 48.0 48.0 47.0
06/11/2014 19:41:59 27.8 29.8 47.0 47.0 46.0
06/11/2014 19:43:19 27.8 29.8 47.0 47.0 45.0
06/11/2014 19:44:39 27.8 29.8 47.0 46.0 45.0
06/11/2014 19:45:59 27.8 29.8 48.0 48.0 47.0
06/11/2014 19:47:19 27.8 29.8 47.0 47.0 46.0
06/11/2014 19:48:39 27.8 29.8 49.0 49.0 47.0
06/11/2014 19:49:59 27.8 29.8 47.0 47.0 46.0
06/11/2014 19:51:19 27.8 29.8 47.0 47.0 45.0
06/11/2014 19:52:39 27.8 29.8 47.0 47.0 46.0
06/11/2014 19:53:59 27.8 29.8 48.0 47.0 46.0
06/11/2014 19:55:19 27.8 29.8 47.0 47.0 46.0
06/11/2014 19:56:39 27.8 29.8 48.0 47.0 47.0
06/11/2014 19:57:59 27.8 29.8 47.0 47.0 47.0
06/11/2014 19:59:19 27.8 29.8 47.0 47.0 47.0
06/11/2014 20:00:40 27.8 29.8 48.0 47.0 47.0
06/11/2014 20:02:00 27.8 29.8 48.0 47.0 47.0
06/11/2014 20:03:20 27.8 29.8 47.0 47.0 46.0
06/11/2014 20:04:40 27.8 29.8 47.0 47.0 47.0
06/11/2014 20:06:00 27.8 29.8 47.0 47.0 46.0
06/11/2014 20:07:20 27.8 29.8 48.0 47.0 48.0
06/11/2014 20:08:40 27.8 29.8 48.0 48.0 46.0
06/11/2014 20:10:00 27.8 29.8 48.0 48.0 46.0
06/11/2014 20:11:20 27.8 29.8 46.0 46.0 46.0
06/11/2014 20:12:40 27.8 29.8 48.0 48.0 47.0
06/11/2014 20:14:00 27.8 29.8 48.0 48.0 46.0
06/11/2014 20:15:20 27.8 29.8 47.0 46.0 47.0
06/11/2014 20:16:40 27.8 29.8 47.0 47.0 46.0
06/11/2014 20:18:00 27.8 29.8 47.0 47.0 46.0
06/11/2014 20:19:20 27.8 29.8 47.0 47.0 47.0
06/11/2014 20:20:41 27.8 29.8 47.0 47.0 46.0
06/11/2014 20:22:01 27.8 29.8 47.0 46.0 46.0
06/11/2014 20:23:21 27.8 29.8 46.0 46.0 46.0
06/11/2014 20:24:41 27.8 29.8 47.0 47.0 45.0
06/11/2014 20:26:01 27.8 29.8 47.0 47.0 46.0
06/11/2014 20:27:21 27.8 29.8 48.0 48.0 46.0
06/11/2014 20:28:41 27.8 29.8 48.0 47.0 47.0
06/11/2014 20:30:01 27.8 29.8 47.0 47.0 46.0
06/11/2014 20:31:21 27.8 29.8 47.0 47.0 46.0
06/11/2014 20:32:41 27.8 29.8 47.0 47.0 47.0
06/11/2014 20:34:01 27.8 29.8 47.0 47.0 46.0
06/11/2014 20:35:21 27.8 29.8 47.0 47.0 46.0
06/11/2014 20:36:41 27.8 29.8 48.0 48.0 47.0
06/11/2014 20:38:01 27.8 29.8 47.0 47.0 45.0
06/11/2014 20:39:21 27.8 29.8 46.0 46.0 45.0
06/11/2014 20:40:42 27.8 29.8 47.0 45.0 45.0
06/11/2014 20:42:02 27.8 29.8 46.0 46.0 46.0
06/11/2014 20:43:22 27.8 29.8 47.0 47.0 47.0
06/11/2014 20:44:42 27.8 29.8 47.0 47.0 47.0
06/11/2014 20:46:02 27.8 29.8 46.0 46.0 45.0
06/11/2014 20:47:22 27.8 29.8 47.0 46.0 47.0
06/11/2014 20:48:42 27.8 29.8 47.0 46.0 47.0
06/11/2014 20:50:02 27.8 29.8 47.0 46.0 45.0
06/11/2014 20:51:22 27.8 29.8 47.0 47.0 47.0
06/11/2014 20:52:42 27.8 29.8 47.0 47.0 46.0
06/11/2014 20:54:02 27.8 29.8 47.0 47.0 46.0
06/11/2014 20:55:22 27.8 29.8 48.0 48.0 45.0
06/11/2014 20:56:42 27.8 29.8 48.0 48.0 47.0
06/11/2014 20:58:02 27.8 29.8 46.0 46.0 45.0
06/11/2014 20:59:23 27.8 29.8 47.0 47.0 45.0
06/11/2014 21:00:43 27.8 29.8 48.0 48.0 46.0
06/11/2014 21:02:03 27.8 29.8 48.0 48.0 46.0
06/11/2014 21:03:23 27.8 29.8 47.0 47.0 46.0
06/11/2014 21:04:43 27.8 29.8 46.0 46.0 46.0
06/11/2014 21:06:03 27.8 29.8 47.0 47.0 46.0
06/11/2014 21:07:23 27.8 29.8 48.0 48.0 46.0
06/11/2014 21:08:43 27.8 29.8 47.0 47.0 45.0
06/11/2014 21:10:03 27.8 29.8 49.0 49.0 46.0
06/11/2014 21:11:23 27.8 29.8 47.0 47.0 45.0
06/11/2014 21:12:43 27.8 29.8 48.0 48.0 45.0
06/11/2014 21:14:03 27.8 29.8 48.0 48.0 46.0
06/11/2014 21:15:23 27.8 29.8 48.0 48.0 46.0
06/11/2014 21:16:43 27.8 29.8 47.0 47.0 46.0
06/11/2014 21:18:03 27.8 29.8 47.0 47.0 45.0
06/11/2014 21:19:23 27.8 29.8 46.0 47.0 47.0
06/11/2014 21:20:44 27.8 29.8 46.0 46.0 46.0
06/11/2014 21:22:04 27.8 29.8 48.0 48.0 46.0
06/11/2014 21:23:24 27.8 29.8 48.0 48.0 46.0
06/11/2014 21:24:44 27.8 29.8 47.0 47.0 46.0
06/11/2014 21:26:04 27.8 29.8 47.0 46.0 47.0
06/11/2014 21:27:24 27.8 29.8 46.0 46.0 46.0
06/11/2014 21:28:44 27.8 29.8 47.0 47.0 47.0
06/11/2014 21:30:04 27.8 29.8 48.0 46.0 48.0
06/11/2014 21:31:24 27.8 29.8 48.0 46.0 48.0
06/11/2014 21:32:44 27.8 29.8 47.0 47.0 47.0
06/11/2014 21:34:04 27.8 29.8 46.0 46.0 46.0
06/11/2014 21:35:24 27.8 29.8 47.0 46.0 47.0
06/11/2014 21:36:44 27.8 29.8 47.0 46.0 47.0
06/11/2014 21:38:04 27.8 29.8 46.0 46.0 45.0
06/11/2014 21:39:24 27.8 29.8 47.0 47.0 46.0
06/11/2014 21:40:45 27.8 29.8 47.0 46.0 46.0
06/11/2014 21:42:05 27.8 29.8 47.0 46.0 46.0
06/11/2014 21:43:25 27.8 29.8 47.0 47.0 46.0
06/11/2014 21:44:45 27.8 29.8 47.0 47.0 46.0
06/11/2014 21:46:05 27.8 29.8 48.0 48.0 46.0
06/11/2014 21:47:25 27.8 29.8 46.0 46.0 45.0
06/11/2014 21:48:45 27.8 29.8 47.0 47.0 45.0
06/11/2014 21:50:05 27.8 29.8 46.0 47.0 46.0
06/11/2014 21:51:25 27.8 29.8 47.0 47.0 46.0
06/11/2014 21:52:45 27.8 29.8 47.0 47.0 47.0
06/11/2014 21:54:05 27.8 29.8 48.0 48.0 46.0
06/11/2014 21:55:25 27.8 29.8 48.0 48.0 46.0
06/11/2014 21:56:45 27.8 29.8 48.0 48.0 45.0
06/11/2014 21:58:05 27.8 29.8 48.0 48.0 46.0
06/11/2014 21:59:26 27.8 29.8 48.0 46.0 48.0
06/11/2014 22:00:46 27.8 29.8 46.0 46.0 46.0
06/11/2014 22:02:06 27.8 29.8 47.0 46.0 46.0
06/11/2014 22:03:26 27.8 29.8 47.0 47.0 47.0
06/11/2014 22:04:46 27.8 29.8 47.0 46.0 47.0
06/11/2014 22:06:06 27.8 29.8 47.0 47.0 46.0
06/11/2014 22:07:26 27.8 29.8 47.0 47.0 47.0
06/11/2014 22:08:46 27.8 29.8 46.0 46.0 46.0
06/11/2014 22:10:06 27.8 29.8 47.0 47.0 47.0
06/11/2014 22:11:26 27.8 29.8 47.0 47.0 47.0
06/11/2014 22:12:46 27.8 29.8 47.0 47.0 47.0
06/11/2014 22:14:06 27.8 29.8 47.0 47.0 45.0
06/11/2014 22:15:26 27.8 29.8 46.0 46.0 45.0
06/11/2014 22:16:46 27.8 29.8 48.0 48.0 46.0
06/11/2014 22:18:06 27.8 29.8 48.0 48.0 47.0
06/11/2014 22:19:27 27.8 29.8 49.0 49.0 46.0
06/11/2014 22:20:47 27.8 29.8 48.0 48.0 46.0
06/11/2014 22:22:07 27.8 29.8 48.0 48.0 46.0
06/11/2014 22:23:27 27.8 29.8 46.0 46.0 46.0
06/11/2014 22:24:47 27.8 29.8 47.0 47.0 47.0
06/11/2014 22:26:07 27.8 29.8 47.0 46.0 47.0
06/11/2014 22:27:27 27.8 29.8 47.0 47.0 47.0
06/11/2014 22:28:47 27.8 29.8 47.0 47.0 45.0
06/11/2014 22:30:07 27.8 29.8 47.0 47.0 47.0
06/11/2014 22:31:27 27.8 29.8 48.0 48.0 45.0
06/11/2014 22:32:47 27.8 29.8 47.0 47.0 45.0
06/11/2014 22:34:07 27.8 29.8 47.0 47.0 46.0
06/11/2014 22:35:27 27.8 29.8 47.0 47.0 46.0
06/11/2014 22:36:47 27.8 29.8 48.0 47.0 46.0
06/11/2014 22:38:07 27.8 29.8 47.0 47.0 46.0
06/11/2014 22:39:28 27.8 29.8 48.0 48.0 47.0
06/11/2014 22:40:48 27.8 29.8 48.0 47.0 47.0
06/11/2014 22:42:08 27.8 29.8 47.0 47.0 45.0
06/11/2014 22:43:28 27.8 29.8 48.0 48.0 46.0
06/11/2014 22:44:48 27.8 29.8 47.0 47.0 46.0
06/11/2014 22:46:08 27.8 29.8 47.0 47.0 47.0
06/11/2014 22:47:28 27.8 29.8 48.0 48.0 46.0
06/11/2014 22:48:48 27.8 29.8 48.0 48.0 47.0
06/11/2014 22:50:08 27.8 29.8 47.0 47.0 46.0
06/11/2014 22:51:28 27.8 29.8 47.0 47.0 45.0
06/11/2014 22:52:48 27.8 29.8 47.0 47.0 47.0
06/11/2014 22:54:08 27.8 29.8 49.0 49.0 46.0
06/11/2014 22:55:28 27.8 29.8 47.0 47.0 47.0
06/11/2014 22:56:48 27.8 29.8 47.0 47.0 45.0
06/11/2014 22:58:08 27.8 29.8 47.0 47.0 46.0
06/11/2014 22:59:29 27.8 29.8 47.0 46.0 47.0
06/11/2014 23:00:49 27.8 29.8 47.0 46.0 46.0
06/11/2014 23:02:09 27.8 29.8 47.0 47.0 47.0
06/11/2014 23:03:29 27.8 29.8 46.0 46.0 46.0
06/11/2014 23:04:49 27.8 29.8 47.0 45.0 47.0
06/11/2014 23:06:09 27.8 29.8 47.0 47.0 47.0
06/11/2014 23:07:29 27.8 29.8 47.0 47.0 46.0
06/11/2014 23:08:49 27.8 29.8 47.0 47.0 46.0
06/11/2014 23:10:09 27.8 29.8 48.0 48.0 47.0
06/11/2014 23:11:29 27.8 29.8 47.0 47.0 47.0
06/11/2014 23:12:49 27.8 29.8 48.0 48.0 46.0
06/11/2014 23:14:09 27.8 29.8 48.0 48.0 47.0
06/11/2014 23:15:29 27.8 29.8 47.0 46.0 46.0
06/11/2014 23:16:49 27.8 29.8 48.0 48.0 47.0
06/11/2014 23:18:09 27.8 29.8 48.0 48.0 48.0
06/11/2014 23:19:30 27.8 29.8 47.0 47.0 47.0
06/11/2014 23:20:50 27.8 29.8 47.0 47.0 46.0
06/11/2014 23:22:10 27.8 29.8 47.0 47.0 46.0
06/11/2014 23:23:30 27.8 29.8 48.0 48.0 47.0
06/11/2014 23:24:50 27.8 29.8 48.0 48.0 47.0
06/11/2014 23:26:10 27.8 29.8 48.0 47.0 46.0
06/11/2014 23:27:30 27.8 29.8 47.0 47.0 47.0
06/11/2014 23:28:50 27.8 29.8 47.0 47.0 45.0
06/11/2014 23:30:10 27.8 29.8 47.0 47.0 46.0
06/11/2014 23:31:30 27.8 29.8 46.0 46.0 46.0
06/11/2014 23:32:50 27.8 29.8 47.0 47.0 46.0
06/11/2014 23:34:10 27.8 29.8 47.0 46.0 47.0
06/11/2014 23:35:30 27.8 29.8 47.0 47.0 47.0
06/11/2014 23:36:50 27.8 29.8 47.0 47.0 47.0
06/11/2014 23:38:11 27.8 29.8 46.0 46.0 46.0
06/11/2014 23:39:31 27.8 29.8 47.0 47.0 47.0
06/11/2014 23:40:51 27.8 29.8 48.0 47.0 46.0
06/11/2014 23:42:11 27.8 29.8 47.0 47.0 45.0
06/11/2014 23:43:31 27.8 29.8 47.0 47.0 46.0
06/11/2014 23:44:51 27.8 29.8 47.0 47.0 47.0
06/11/2014 23:46:11 27.8 29.8 47.0 47.0 47.0
06/11/2014 23:47:31 27.8 29.8 47.0 46.0 47.0
06/11/2014 23:48:51 27.8 29.8 46.0 46.0 46.0
06/11/2014 23:50:11 27.8 29.8 47.0 47.0 46.0
06/11/2014 23:51:31 27.8 29.8 48.0 48.0 46.0
06/11/2014 23:52:51 27.8 29.8 48.0 48.0 47.0
06/11/2014 23:54:11 27.8 29.8 49.0 48.0 47.0
06/11/2014 23:55:31 27.8 29.8 47.0 46.0 47.0
06/11/2014 23:56:52 27.8 29.8 47.0 48.0 46.0
06/11/2014 23:58:12 27.8 29.8 47.0 46.0 47.0
06/11/2014 23:59:32 27.8 29.8 48.0 46.0 47.0
07/11/2014 00:00:52 27.8 29.8 47.0 47.0 46.0
07/11/2014 00:02:12 27.8 29.8 47.0 46.0 47.0
07/11/2014 00:03:32 27.8 29.8 48.0 47.0 48.0
07/11/2014 00:04:52 27.8 29.8 48.0 47.0 47.0
07/11/2014 00:06:12 27.8 29.8 47.0 47.0 47.0
07/11/2014 00:07:32 27.8 29.8 48.0 48.0 48.0
07/11/2014 00:08:52 27.8 29.8 47.0 47.0 46.0
07/11/2014 00:10:12 27.8 29.8 48.0 48.0 47.0
07/11/2014 00:11:32 27.8 29.8 47.0 47.0 46.0
07/11/2014 00:12:52 27.8 29.8 48.0 46.0 48.0
07/11/2014 00:14:12 27.8 29.8 48.0 48.0 47.0
07/11/2014 00:15:32 27.8 29.8 47.0 46.0 47.0
07/11/2014 00:16:53 27.8 29.8 47.0 46.0 47.0
07/11/2014 00:18:13 27.8 29.8 47.0 47.0 46.0
07/11/2014 00:19:33 27.8 29.8 46.0 46.0 46.0
07/11/2014 00:20:53 27.8 29.8 47.0 47.0 46.0
07/11/2014 00:22:13 27.8 29.8 47.0 47.0 45.0
07/11/2014 00:23:33 27.8 29.8 47.0 47.0 46.0
07/11/2014 00:24:53 27.8 29.8 47.0 47.0 45.0
07/11/2014 00:26:13 27.8 29.8 46.0 46.0 46.0
07/11/2014 00:27:33 27.8 29.8 46.0 45.0 46.0
07/11/2014 00:28:53 27.8 29.8 46.0 46.0 46.0
07/11/2014 00:30:13 27.8 29.8 47.0 46.0 47.0
07/11/2014 00:31:33 27.8 29.8 47.0 46.0 47.0
07/11/2014 00:32:53 27.8 29.8 47.0 47.0 46.0
07/11/2014 00:34:13 27.8 29.8 47.0 47.0 46.0
07/11/2014 00:35:34 27.8 29.8 47.0 47.0 47.0
07/11/2014 00:36:54 27.8 29.8 47.0 47.0 46.0
07/11/2014 00:38:14 27.8 29.8 48.0 48.0 46.0
07/11/2014 00:39:34 27.8 29.8 47.0 47.0 47.0
07/11/2014 00:40:54 27.8 29.8 47.0 47.0 45.0
07/11/2014 00:42:14 27.8 29.8 46.0 46.0 46.0
07/11/2014 00:43:34 27.8 29.8 47.0 46.0 47.0
07/11/2014 00:44:54 27.8 29.8 47.0 47.0 47.0
07/11/2014 00:46:14 27.8 29.8 47.0 47.0 46.0
07/11/2014 00:47:34 27.8 29.8 48.0 47.0 48.0
07/11/2014 00:48:54 27.8 29.8 47.0 47.0 47.0
07/11/2014 00:50:14 27.8 29.8 47.0 47.0 47.0
07/11/2014 00:51:34 27.8 29.8 48.0 46.0 48.0
07/11/2014 00:52:54 27.8 29.8 47.0 47.0 47.0
07/11/2014 00:54:14 27.8 29.8 47.0 47.0 47.0
07/11/2014 00:55:35 27.8 29.8 47.0 47.0 47.0
07/11/2014 00:56:55 27.8 29.8 47.0 47.0 47.0
07/11/2014 00:58:15 27.8 29.8 47.0 47.0 46.0
07/11/2014 00:59:35 27.8 29.8 48.0 47.0 47.0
07/11/2014 01:00:55 27.8 29.8 47.0 46.0 47.0
07/11/2014 01:02:15 27.8 29.8 47.0 47.0 47.0
07/11/2014 01:03:35 27.8 29.8 47.0 47.0 46.0
07/11/2014 01:04:55 27.8 29.8 47.0 47.0 47.0
07/11/2014 01:06:15 27.8 29.8 48.0 47.0 46.0
07/11/2014 01:07:35 27.8 29.8 48.0 48.0 47.0
07/11/2014 01:08:55 27.8 29.8 47.0 47.0 47.0
07/11/2014 01:10:15 27.8 29.8 48.0 48.0 46.0
07/11/2014 01:11:35 27.8 29.8 48.0 48.0 46.0
07/11/2014 01:12:55 27.8 29.8 48.0 48.0 47.0
07/11/2014 01:14:15 27.8 29.8 48.0 48.0 46.0
07/11/2014 01:15:35 27.8 29.8 47.0 46.0 47.0
07/11/2014 01:16:56 27.8 29.8 47.0 47.0 47.0
07/11/2014 01:18:16 27.8 29.8 47.0 47.0 47.0
07/11/2014 01:19:36 27.8 29.8 47.0 47.0 47.0
07/11/2014 01:20:56 27.8 29.8 47.0 47.0 45.0
07/11/2014 01:22:16 27.8 29.8 47.0 45.0 47.0
07/11/2014 01:23:36 27.8 29.8 47.0 47.0 46.0
07/11/2014 01:24:56 27.8 29.8 46.0 46.0 45.0
07/11/2014 01:26:16 27.8 29.8 48.0 48.0 46.0
07/11/2014 01:27:36 27.8 29.8 46.0 46.0 46.0
07/11/2014 01:28:56 27.8 29.8 47.0 46.0 47.0
07/11/2014 01:30:16 27.8 29.8 47.0 47.0 47.0
07/11/2014 01:31:36 27.8 29.8 48.0 48.0 47.0
07/11/2014 01:32:56 27.8 29.8 47.0 47.0 47.0
07/11/2014 01:34:16 27.8 29.8 48.0 48.0 46.0
07/11/2014 01:35:36 27.8 29.8 48.0 48.0 47.0
07/11/2014 01:36:57 27.8 29.8 47.0 47.0 46.0
07/11/2014 01:38:17 27.8 29.8 47.0 47.0 46.0
07/11/2014 01:39:37 27.8 29.8 48.0 48.0 46.0
07/11/2014 01:40:57 27.8 29.8 48.0 48.0 46.0
07/11/2014 01:42:17 27.8 29.8 47.0 47.0 46.0
07/11/2014 01:43:37 27.8 29.8 47.0 47.0 46.0
07/11/2014 01:44:57 27.8 29.8 47.0 47.0 47.0
07/11/2014 01:46:17 27.8 29.8 48.0 48.0 46.0
07/11/2014 01:47:37 27.8 29.8 48.0 47.0 47.0
07/11/2014 01:48:57 27.8 29.8 47.0 47.0 46.0
07/11/2014 01:50:17 27.8 29.8 48.0 48.0 45.0
07/11/2014 01:51:37 27.8 29.8 48.0 48.0 46.0
07/11/2014 01:52:57 27.8 29.8 48.0 48.0 46.0
07/11/2014 01:54:17 27.8 29.8 47.0 46.0 46.0
07/11/2014 01:55:37 27.8 29.8 47.0 46.0 46.0
07/11/2014 01:56:58 27.8 29.8 47.0 45.0 46.0
07/11/2014 01:58:18 27.8 29.8 47.0 46.0 46.0
07/11/2014 01:59:38 27.8 29.8 47.0 46.0 44.0
07/11/2014 02:00:58 27.8 29.8 47.0 47.0 46.0
07/11/2014 02:02:18 27.8 29.8 46.0 46.0 46.0
07/11/2014 02:03:38 27.8 29.8 47.0 47.0 46.0
07/11/2014 02:04:58 27.8 29.8 48.0 48.0 46.0
07/11/2014 02:06:18 27.8 29.8 47.0 47.0 46.0
07/11/2014 02:07:38 27.8 29.8 48.0 48.0 46.0
07/11/2014 02:08:58 27.8 29.8 47.0 47.0 45.0
07/11/2014 02:10:18 27.8 29.8 48.0 48.0 45.0
07/11/2014 02:11:38 27.8 29.8 49.0 49.0 46.0
07/11/2014 02:12:58 27.8 29.8 48.0 47.0 46.0
07/11/2014 02:14:18 27.8 29.8 48.0 48.0 46.0
07/11/2014 02:15:38 27.8 29.8 47.0 47.0 45.0
07/11/2014 02:16:59 27.8 29.8 47.0 47.0 46.0
07/11/2014 02:18:19 27.8 29.8 48.0 48.0 45.0
07/11/2014 02:19:39 27.8 29.8 47.0 47.0 45.0
07/11/2014 02:20:59 27.8 29.8 48.0 48.0 46.0
07/11/2014 02:22:19 27.8 29.8 48.0 48.0 46.0
07/11/2014 02:23:39 27.8 29.8 48.0 48.0 46.0
07/11/2014 02:24:59 27.8 29.8 48.0 48.0 47.0
07/11/2014 02:26:19 27.8 29.8 47.0 47.0 46.0
07/11/2014 02:27:39 27.8 29.8 47.0 47.0 46.0
07/11/2014 02:28:59 27.8 29.8 47.0 46.0 46.0
07/11/2014 02:30:19 27.8 29.8 48.0 48.0 46.0
07/11/2014 02:31:39 27.8 29.8 47.0 47.0 46.0
07/11/2014 02:32:59 27.8 29.8 47.0 47.0 47.0
07/11/2014 02:34:19 27.8 29.8 48.0 47.0 47.0
07/11/2014 02:35:40 27.8 29.8 48.0 48.0 47.0
07/11/2014 02:37:00 27.8 29.8 48.0 48.0 46.0
07/11/2014 02:38:20 27.8 29.8 47.0 47.0 46.0
07/11/2014 02:39:40 27.8 29.8 47.0 47.0 45.0
07/11/2014 02:41:00 27.8 29.8 47.0 47.0 45.0
07/11/2014 02:42:20 27.8 29.8 46.0 46.0 46.0
07/11/2014 02:43:40 27.8 29.8 48.0 47.0 45.0
07/11/2014 02:45:00 27.8 29.8 47.0 46.0 46.0
07/11/2014 02:46:20 27.8 29.8 48.0 47.0 47.0
07/11/2014 02:47:40 27.8 29.8 47.0 47.0 47.0
07/11/2014 02:49:00 27.8 29.8 47.0 47.0 46.0
07/11/2014 02:50:20 27.8 29.8 47.0 47.0 46.0
07/11/2014 02:51:40 27.8 29.8 47.0 47.0 45.0
07/11/2014 02:53:00 27.8 29.8 46.0 46.0 44.0
07/11/2014 02:54:20 27.8 29.8 47.0 47.0 46.0
07/11/2014 02:55:41 27.8 29.8 48.0 48.0 46.0
07/11/2014 02:57:01 27.8 29.8 49.0 49.0 45.0
07/11/2014 02:58:21 27.8 29.8 48.0 48.0 45.0
07/11/2014 02:59:41 27.8 29.8 48.0 46.0 45.0
07/11/2014 03:01:01 27.8 29.8 47.0 47.0 46.0
07/11/2014 03:02:21 27.8 29.8 47.0 47.0 45.0
07/11/2014 03:03:41 27.8 29.8 49.0 49.0 46.0
07/11/2014 03:05:01 27.8 29.8 48.0 48.0 46.0
07/11/2014 03:06:21 27.8 29.8 47.0 47.0 46.0
07/11/2014 03:07:41 27.8 29.8 48.0 48.0 47.0
07/11/2014 03:09:01 27.8 29.8 48.0 48.0 46.0
07/11/2014 03:10:21 27.8 29.8 46.0 46.0 46.0
07/11/2014 03:11:41 27.8 29.8 48.0 48.0 46.0
07/11/2014 03:13:01 27.8 29.8 48.0 48.0 46.0
07/11/2014 03:14:21 27.8 29.8 49.0 49.0 46.0
07/11/2014 03:15:42 27.8 29.8 47.0 47.0 47.0
07/11/2014 03:17:02 27.8 29.8 47.0 47.0 45.0
07/11/2014 03:18:22 27.8 29.8 48.0 48.0 47.0
07/11/2014 03:19:42 27.8 29.8 48.0 48.0 46.0
07/11/2014 03:21:02 27.8 29.8 46.0 46.0 45.0
07/11/2014 03:22:22 27.8 29.8 48.0 48.0 45.0
07/11/2014 03:23:42 27.8 29.8 47.0 47.0 47.0
07/11/2014 03:25:02 27.8 29.8 48.0 48.0 47.0
07/11/2014 03:26:22 27.8 29.8 47.0 47.0 45.0
07/11/2014 03:27:42 27.8 29.8 48.0 48.0 46.0
07/11/2014 03:29:02 27.8 29.8 48.0 48.0 46.0
07/11/2014 03:30:22 27.8 29.8 48.0 48.0 47.0
07/11/2014 03:31:42 27.8 29.8 48.0 48.0 46.0
07/11/2014 03:33:02 27.8 29.8 48.0 48.0 46.0
07/11/2014 03:34:22 27.8 29.8 47.0 47.0 47.0
07/11/2014 03:35:43 27.8 29.8 48.0 48.0 46.0
07/11/2014 03:37:03 27.8 29.8 47.0 47.0 47.0
07/11/2014 03:38:23 27.8 29.8 48.0 48.0 46.0
07/11/2014 03:39:43 27.8 29.8 47.0 45.0 46.0
07/11/2014 03:41:03 27.8 29.8 47.0 47.0 46.0
07/11/2014 03:42:23 27.8 29.8 47.0 47.0 45.0
07/11/2014 03:43:43 27.8 29.8 47.0 47.0 46.0
07/11/2014 03:45:03 27.8 29.8 47.0 47.0 45.0
07/11/2014 03:46:23 27.8 29.8 47.0 47.0 46.0
07/11/2014 03:47:43 27.8 29.8 48.0 48.0 47.0
07/11/2014 03:49:03 27.8 29.8 48.0 48.0 45.0
07/11/2014 03:50:23 27.8 29.8 47.0 46.0 47.0
07/11/2014 03:51:43 27.8 29.8 46.0 46.0 46.0
07/11/2014 03:53:03 27.8 29.8 47.0 46.0 47.0
07/11/2014 03:54:24 27.8 29.8 47.0 48.0 46.0
07/11/2014 03:55:44 27.8 29.8 47.0 47.0 45.0
07/11/2014 03:57:04 27.8 29.8 48.0 48.0 46.0
07/11/2014 03:58:24 27.8 29.8 47.0 47.0 46.0
07/11/2014 03:59:44 27.8 29.8 46.0 46.0 45.0
07/11/2014 04:01:04 27.8 29.8 47.0 46.0 46.0
07/11/2014 04:02:24 27.8 29.8 47.0 47.0 44.0
07/11/2014 04:03:44 27.8 29.8 46.0 46.0 46.0
07/11/2014 04:05:04 27.8 29.8 48.0 48.0 46.0
07/11/2014 04:06:24 27.8 29.8 46.0 46.0 46.0
07/11/2014 04:07:44 27.8 29.8 47.0 47.0 46.0
07/11/2014 04:09:04 27.8 29.8 47.0 47.0 47.0
07/11/2014 04:10:24 27.8 29.8 47.0 47.0 47.0
07/11/2014 04:11:44 27.8 29.8 48.0 48.0 46.0
07/11/2014 04:13:05 27.8 29.8 48.0 48.0 46.0
07/11/2014 04:14:25 27.8 29.8 48.0 48.0 46.0
07/11/2014 04:15:45 27.8 29.8 47.0 47.0 46.0
07/11/2014 04:17:05 27.8 29.8 49.0 49.0 47.0
07/11/2014 04:18:25 27.8 29.8 48.0 48.0 46.0
07/11/2014 04:19:45 27.8 29.8 48.0 48.0 46.0
07/11/2014 04:21:05 27.8 29.8 46.0 46.0 46.0
07/11/2014 04:22:25 27.8 29.8 47.0 47.0 46.0
07/11/2014 04:23:45 27.8 29.8 47.0 47.0 45.0
07/11/2014 04:25:05 27.8 29.8 47.0 47.0 46.0
07/11/2014 04:26:25 27.8 29.8 48.0 48.0 46.0
07/11/2014 04:27:45 27.8 29.8 47.0 47.0 46.0
07/11/2014 04:29:05 27.8 29.8 47.0 47.0 47.0
07/11/2014 04:30:25 27.8 29.8 48.0 48.0 44.0
07/11/2014 04:31:45 27.8 29.8 47.0 47.0 46.0
07/11/2014 04:33:06 27.8 29.8 47.0 47.0 46.0
07/11/2014 04:34:26 27.8 29.8 47.0 47.0 47.0
07/11/2014 04:35:46 27.8 29.8 47.0 46.0 47.0
07/11/2014 04:37:06 27.8 29.8 47.0 47.0 47.0
07/11/2014 04:38:26 27.8 29.8 47.0 47.0 45.0
07/11/2014 04:39:46 27.8 29.8 48.0 48.0 45.0
07/11/2014 04:41:06 27.8 29.8 48.0 48.0 46.0
07/11/2014 04:42:26 27.8 29.8 48.0 48.0 46.0
07/11/2014 04:43:46 27.8 29.8 47.0 47.0 46.0
07/11/2014 04:45:06 27.8 29.8 48.0 48.0 46.0
07/11/2014 04:46:26 27.8 29.8 48.0 47.0 46.0
07/11/2014 04:47:46 27.8 29.8 47.0 47.0 46.0
07/11/2014 04:49:06 27.8 29.8 49.0 49.0 45.0
07/11/2014 04:50:26 27.8 29.8 48.0 47.0 46.0
07/11/2014 04:51:46 27.8 29.8 47.0 47.0 45.0
07/11/2014 04:53:07 27.8 29.8 49.0 49.0 46.0
07/11/2014 04:54:27 27.8 29.8 48.0 48.0 46.0
07/11/2014 04:55:47 27.8 29.8 47.0 47.0 47.0
07/11/2014 04:57:07 27.8 29.8 46.0 46.0 46.0
07/11/2014 04:58:27 27.8 29.8 47.0 46.0 47.0
07/11/2014 04:59:47 27.8 29.8 47.0 47.0 46.0
07/11/2014 05:01:07 27.8 29.8 47.0 47.0 47.0
07/11/2014 05:02:27 27.8 29.8 47.0 47.0 46.0
07/11/2014 05:03:47 27.8 29.8 48.0 48.0 47.0
07/11/2014 05:05:07 27.8 29.8 48.0 48.0 46.0
07/11/2014 05:06:27 27.8 29.8 48.0 48.0 46.0
07/11/2014 05:07:47 27.8 29.8 47.0 47.0 47.0
07/11/2014 05:09:07 27.8 29.8 47.0 48.0 47.0
07/11/2014 05:10:27 27.8 29.8 48.0 48.0 47.0
07/11/2014 05:11:47 27.8 29.8 48.0 47.0 47.0
07/11/2014 05:13:08 27.8 29.8 47.0 46.0 47.0
07/11/2014 05:14:28 27.8 29.8 46.0 46.0 45.0
07/11/2014 05:15:48 27.8 29.8 47.0 47.0 46.0
07/11/2014 05:17:08 27.8 29.8 47.0 46.0 46.0
07/11/2014 05:18:28 27.8 29.8 46.0 46.0 44.0
07/11/2014 05:19:48 27.8 29.8 46.0 46.0 45.0
07/11/2014 05:21:08 27.8 29.8 46.0 46.0 46.0
07/11/2014 05:22:28 27.8 29.8 47.0 47.0 46.0
07/11/2014 05:23:48 27.8 29.8 47.0 46.0 46.0
07/11/2014 05:25:08 27.8 29.8 47.0 47.0 46.0
07/11/2014 05:26:28 27.8 29.8 47.0 47.0 46.0
07/11/2014 05:27:48 27.8 29.8 46.0 46.0 46.0
07/11/2014 05:29:08 27.8 29.8 47.0 47.0 46.0
07/11/2014 05:30:28 27.8 29.8 46.0 46.0 46.0
07/11/2014 05:31:48 27.8 29.8 47.0 46.0 46.0
07/11/2014 05:33:09 27.8 29.8 47.0 47.0 47.0
07/11/2014 05:34:29 27.8 29.8 48.0 48.0 47.0
07/11/2014 05:35:49 27.8 29.8 47.0 47.0 47.0
07/11/2014 05:37:09 27.8 29.8 46.0 46.0 46.0
07/11/2014 05:38:29 27.8 29.8 48.0 48.0 47.0
07/11/2014 05:39:49 27.8 29.8 47.0 47.0 45.0
07/11/2014 05:41:09 27.8 29.8 48.0 48.0 45.0
07/11/2014 05:42:29 27.8 29.8 48.0 47.0 45.0
07/11/2014 05:43:49 27.8 29.8 48.0 48.0 46.0
07/11/2014 05:45:09 27.8 29.8 47.0 47.0 47.0
07/11/2014 05:46:29 27.8 29.8 48.0 48.0 47.0
07/11/2014 05:47:49 27.8 29.8 47.0 46.0 47.0
07/11/2014 05:49:09 27.8 29.8 47.0 47.0 45.0
07/11/2014 05:50:29 27.8 29.8 48.0 48.0 47.0
07/11/2014 05:51:50 27.8 29.8 49.0 49.0 46.0
07/11/2014 05:53:10 27.8 29.8 47.0 47.0 46.0
07/11/2014 05:54:30 27.8 29.8 46.0 46.0 46.0
07/11/2014 05:55:50 27.8 29.8 47.0 46.0 47.0
07/11/2014 05:57:10 27.8 29.8 47.0 46.0 47.0
07/11/2014 05:58:30 27.8 29.8 47.0 47.0 46.0
07/11/2014 05:59:50 27.8 29.8 47.0 47.0 45.0
07/11/2014 06:01:10 27.8 29.8 46.0 46.0 46.0
07/11/2014 06:02:30 27.8 29.8 47.0 47.0 46.0
07/11/2014 06:03:50 27.8 29.8 47.0 48.0 46.0
07/11/2014 06:05:10 27.8 29.8 47.0 47.0 46.0
07/11/2014 06:06:30 27.8 29.8 48.0 48.0 46.0
07/11/2014 06:07:50 27.8 29.8 46.0 46.0 46.0
07/11/2014 06:09:10 27.8 29.8 47.0 46.0 46.0
07/11/2014 06:10:31 27.8 29.8 47.0 47.0 46.0
07/11/2014 06:11:51 27.8 29.8 47.0 47.0 46.0
07/11/2014 06:13:11 27.8 29.8 47.0 47.0 45.0
07/11/2014 06:14:31 27.8 29.8 47.0 46.0 45.0
07/11/2014 06:15:51 27.8 29.8 47.0 47.0 46.0
07/11/2014 06:17:11 27.8 29.8 47.0 47.0 45.0
07/11/2014 06:18:31 27.8 29.8 47.0 47.0 46.0
07/11/2014 06:19:51 27.8 29.8 46.0 46.0 46.0
07/11/2014 06:21:11 27.8 29.8 47.0 47.0 46.0
07/11/2014 06:22:31 27.8 29.8 47.0 47.0 47.0
07/11/2014 06:23:51 27.8 29.8 48.0 48.0 45.0
07/11/2014 06:25:11 27.8 29.8 48.0 48.0 47.0
07/11/2014 06:26:31 27.8 29.8 47.0 47.0 46.0
07/11/2014 06:27:51 27.8 29.8 48.0 48.0 46.0
07/11/2014 06:29:11 27.8 29.8 46.0 46.0 45.0
07/11/2014 06:30:32 27.8 29.8 47.0 47.0 46.0
07/11/2014 06:31:52 27.8 29.8 47.0 47.0 47.0
07/11/2014 06:33:12 27.8 29.8 47.0 47.0 45.0
07/11/2014 06:34:32 27.8 29.8 48.0 47.0 45.0
07/11/2014 06:35:52 27.8 29.8 47.0 46.0 47.0
07/11/2014 06:37:12 27.8 29.8 46.0 46.0 46.0
07/11/2014 06:38:32 27.8 29.8 47.0 47.0 46.0
07/11/2014 06:39:52 27.8 29.8 46.0 46.0 46.0
07/11/2014 06:41:12 27.8 29.8 48.0 48.0 46.0
07/11/2014 06:42:32 27.8 29.8 47.0 47.0 45.0
07/11/2014 06:43:52 27.8 29.8 47.0 47.0 46.0
07/11/2014 06:45:12 27.8 29.8 47.0 46.0 46.0
07/11/2014 06:46:32 27.8 29.8 46.0 45.0 46.0
07/11/2014 06:47:52 27.8 29.8 47.0 46.0 47.0
07/11/2014 06:49:13 27.8 29.8 47.0 47.0 46.0
07/11/2014 06:50:33 27.8 29.8 48.0 48.0 46.0
07/11/2014 06:51:53 27.8 29.8 47.0 46.0 46.0
07/11/2014 06:53:13 27.8 29.8 46.0 47.0 47.0
07/11/2014 06:54:33 27.8 29.8 46.0 46.0 45.0
07/11/2014 06:55:53 27.8 29.8 47.0 47.0 46.0
07/11/2014 06:57:13 27.8 29.8 47.0 47.0 47.0
07/11/2014 06:58:33 27.8 29.8 47.0 47.0 46.0
07/11/2014 06:59:53 27.8 29.8 48.0 48.0 46.0
07/11/2014 07:01:13 27.8 29.8 46.0 46.0 45.0
07/11/2014 07:02:33 27.8 29.8 47.0 47.0 47.0
07/11/2014 07:03:53 27.8 29.8 48.0 48.0 45.0
07/11/2014 07:05:13 27.8 29.8 48.0 48.0 46.0
07/11/2014 07:06:33 27.8 29.8 48.0 48.0 46.0
07/11/2014 07:07:53 27.8 29.8 47.0 47.0 46.0
07/11/2014 07:09:14 27.8 29.8 47.0 47.0 46.0
07/11/2014 07:10:34 27.8 29.8 48.0 48.0 46.0
07/11/2014 07:11:54 27.8 29.8 47.0 46.0 47.0
07/11/2014 07:13:14 27.8 29.8 46.0 46.0 46.0
07/11/2014 07:14:34 27.8 29.8 47.0 47.0 46.0
07/11/2014 07:15:54 27.8 29.8 47.0 47.0 46.0
07/11/2014 07:17:14 27.8 29.8 48.0 48.0 46.0
07/11/2014 07:18:34 27.8 29.8 48.0 48.0 46.0
07/11/2014 07:19:54 27.8 29.8 48.0 48.0 47.0
07/11/2014 07:21:14 27.8 29.8 47.0 47.0 47.0
07/11/2014 07:22:34 27.8 29.8 48.0 47.0 48.0
07/11/2014 07:23:54 27.8 29.8 46.0 47.0 47.0
07/11/2014 07:25:14 27.8 29.8 47.0 47.0 47.0
07/11/2014 07:26:34 27.8 29.8 48.0 48.0 46.0
07/11/2014 07:27:54 27.8 29.8 48.0 48.0 47.0
07/11/2014 07:29:15 27.8 29.8 47.0 46.0 47.0
07/11/2014 07:30:35 27.8 29.8 48.0 48.0 46.0
07/11/2014 07:31:55 27.8 29.8 47.0 47.0 46.0
07/11/2014 07:33:15 27.8 29.8 47.0 47.0 46.0
07/11/2014 07:34:35 27.8 29.8 47.0 47.0 46.0
07/11/2014 07:35:55 27.8 29.8 48.0 48.0 47.0
07/11/2014 07:37:15 27.8 29.8 49.0 49.0 46.0
07/11/2014 07:38:35 27.8 29.8 46.0 46.0 46.0
07/11/2014 07:39:55 27.8 29.8 47.0 46.0 47.0
07/11/2014 07:41:15 27.8 29.8 46.0 46.0 46.0
07/11/2014 07:42:35 27.8 29.8 46.0 46.0 45.0
07/11/2014 07:43:55 27.8 29.8 47.0 46.0 45.0
07/11/2014 07:45:15 27.8 29.8 47.0 47.0 46.0
07/11/2014 07:46:35 27.8 29.8 47.0 47.0 45.0
07/11/2014 07:47:55 27.8 29.8 48.0 48.0 46.0
07/11/2014 07:49:16 27.8 29.8 47.0 47.0 45.0
07/11/2014 07:50:36 27.8 29.8 47.0 47.0 45.0
07/11/2014 07:51:56 27.8 29.8 46.0 46.0 46.0
07/11/2014 07:53:16 27.8 29.8 47.0 47.0 46.0
07/11/2014 07:54:36 27.8 29.8 47.0 47.0 46.0
07/11/2014 07:55:56 27.8 29.8 48.0 48.0 46.0
07/11/2014 07:57:16 27.8 29.8 47.0 47.0 46.0
07/11/2014 07:58:36 27.8 29.8 47.0 47.0 46.0
07/11/2014 07:59:56 27.8 29.8 46.0 45.0 46.0
07/11/2014 08:01:16 27.8 29.8 47.0 47.0 46.0
07/11/2014 08:02:36 27.8 29.8 47.0 46.0 46.0
07/11/2014 08:03:56 27.8 29.8 47.0 46.0 47.0
07/11/2014 08:05:16 27.8 29.8 47.0 47.0 47.0
07/11/2014 08:06:36 27.8 29.8 47.0 47.0 47.0
07/11/2014 08:07:57 27.8 29.8 47.0 47.0 45.0
07/11/2014 08:09:17 27.8 29.8 47.0 47.0 46.0
07/11/2014 08:10:37 27.8 29.8 47.0 47.0 46.0
07/11/2014 08:11:57 27.8 29.8 47.0 47.0 47.0
07/11/2014 08:13:17 27.8 29.8 48.0 47.0 46.0
07/11/2014 08:14:37 27.8 29.8 47.0 47.0 46.0
07/11/2014 08:15:57 27.8 29.8 46.0 47.0 46.0
07/11/2014 08:17:17 27.8 29.8 46.0 46.0 45.0
07/11/2014 08:18:37 27.8 29.8 48.0 48.0 47.0
07/11/2014 08:19:57 27.8 29.8 48.0 47.0 46.0
07/11/2014 08:21:17 27.8 29.8 48.0 47.0 47.0
07/11/2014 08:22:37 27.8 29.8 46.0 46.0 46.0
07/11/2014 08:23:57 27.8 29.8 47.0 47.0 46.0
07/11/2014 08:25:17 27.8 29.8 47.0 47.0 46.0
07/11/2014 08:26:38 27.8 29.8 46.0 46.0 46.0
07/11/2014 08:27:58 27.8 29.8 47.0 46.0 46.0
07/11/2014 08:29:18 27.8 29.8 47.0 47.0 46.0
07/11/2014 08:30:38 27.8 29.8 47.0 47.0 47.0
07/11/2014 08:31:58 27.8 29.8 47.0 47.0 46.0
07/11/2014 08:33:18 27.8 29.8 46.0 46.0 46.0
07/11/2014 08:34:38 27.8 29.8 47.0 47.0 46.0
07/11/2014 08:35:58 27.8 29.8 46.0 46.0 47.0
07/11/2014 08:37:18 27.8 29.8 46.0 46.0 45.0
07/11/2014 08:38:38 27.8 29.8 48.0 48.0 46.0
07/11/2014 08:39:58 27.8 29.8 47.0 47.0 46.0
07/11/2014 08:41:18 27.8 29.8 47.0 47.0 46.0
07/11/2014 08:42:38 27.8 29.8 47.0 47.0 44.0
07/11/2014 08:43:58 27.8 29.8 46.0 45.0 46.0
07/11/2014 08:45:18 27.8 29.8 47.0 47.0 47.0
07/11/2014 08:46:39 27.8 29.8 46.0 46.0 46.0
07/11/2014 08:47:59 27.8 29.8 47.0 47.0 46.0
07/11/2014 08:49:19 27.8 29.8 47.0 47.0 46.0
07/11/2014 08:50:39 27.8 29.8 48.0 48.0 45.0
07/11/2014 08:51:59 27.8 29.8 46.0 46.0 46.0
07/11/2014 08:53:19 27.8 29.8 47.0 47.0 47.0
07/11/2014 08:54:39 27.8 29.8 46.0 46.0 46.0
07/11/2014 08:55:59 27.8 29.8 47.0 47.0 46.0
07/11/2014 08:57:19 27.8 29.8 48.0 48.0 46.0
07/11/2014 08:58:39 27.8 29.8 47.0 47.0 45.0
07/11/2014 08:59:59 27.8 29.8 48.0 47.0 46.0
07/11/2014 09:01:19 27.8 29.8 48.0 48.0 47.0
07/11/2014 09:02:39 27.8 29.8 48.0 47.0 45.0
07/11/2014 09:03:59 27.8 29.8 49.0 49.0 45.0
07/11/2014 09:05:19 27.8 29.8 48.0 48.0 45.0
07/11/2014 09:06:40 27.8 29.8 47.0 47.0 46.0
07/11/2014 09:08:00 27.8 29.8 47.0 47.0 46.0
07/11/2014 09:09:20 27.8 29.8 47.0 47.0 46.0
07/11/2014 09:10:40 27.8 29.8 47.0 47.0 46.0
07/11/2014 09:12:00 27.8 29.8 47.0 47.0 47.0
07/11/2014 09:13:20 27.8 29.8 46.0 46.0 46.0
07/11/2014 09:14:40 27.8 29.8 47.0 47.0 47.0
07/11/2014 09:16:00 27.8 29.8 48.0 48.0 46.0
07/11/2014 09:17:20 27.8 29.8 47.0 47.0 45.0
07/11/2014 09:18:40 27.8 29.8 47.0 47.0 46.0
07/11/2014 09:20:00 27.8 29.8 47.0 47.0 46.0
07/11/2014 09:21:20 27.8 29.8 47.0 47.0 45.0
07/11/2014 09:22:40 27.8 29.8 47.0 47.0 46.0
07/11/2014 09:24:00 27.8 29.8 47.0 46.0 46.0
07/11/2014 09:25:21 27.8 29.8 48.0 47.0 44.0
07/11/2014 09:26:41 27.8 29.8 48.0 48.0 46.0
07/11/2014 09:28:01 27.8 29.8 48.0 48.0 45.0
07/11/2014 09:29:21 27.8 29.8 47.0 47.0 47.0
07/11/2014 09:30:41 27.8 29.8 47.0 47.0 47.0
07/11/2014 09:32:01 27.8 29.8 48.0 48.0 47.0
07/11/2014 09:33:21 27.8 29.8 47.0 46.0 47.0
07/11/2014 09:34:41 27.8 29.8 48.0 48.0 47.0
07/11/2014 09:36:01 27.8 29.8 47.0 47.0 46.0
07/11/2014 09:37:21 27.8 29.8 48.0 48.0 46.0
07/11/2014 09:38:41 27.8 29.8 47.0 47.0 47.0
07/11/2014 09:40:01 27.8 29.8 47.0 47.0 46.0
07/11/2014 09:41:21 27.8 29.8 47.0 47.0 46.0
07/11/2014 09:42:41 27.8 29.8 47.0 47.0 46.0
07/11/2014 09:44:02 27.8 29.8 47.0 47.0 46.0
07/11/2014 09:45:22 27.8 29.8 48.0 48.0 47.0
07/11/2014 09:46:42 27.8 29.8 47.0 47.0 46.0
07/11/2014 09:48:02 27.8 29.8 47.0 46.0 47.0
07/11/2014 09:49:22 27.8 29.8 46.0 46.0 47.0
07/11/2014 09:50:42 27.8 29.8 47.0 45.0 47.0
07/11/2014 09:52:02 27.8 29.8 46.0 46.0 46.0
07/11/2014 09:53:22 27.8 29.8 47.0 47.0 46.0
07/11/2014 09:54:42 27.8 29.8 47.0 47.0 47.0
07/11/2014 09:56:02 27.8 29.8 46.0 46.0 46.0
07/11/2014 09:57:22 27.8 29.8 48.0 48.0 47.0
07/11/2014 09:58:42 27.8 29.8 47.0 47.0 47.0
07/11/2014 10:00:02 27.8 29.8 46.0 46.0 46.0
07/11/2014 10:01:22 27.8 29.8 47.0 47.0 46.0
07/11/2014 10:02:43 27.8 29.8 48.0 48.0 46.0
07/11/2014 10:04:03 27.8 29.8 47.0 47.0 46.0
07/11/2014 10:05:23 27.8 29.8 47.0 48.0 47.0
07/11/2014 10:06:43 27.8 29.8 48.0 48.0 46.0
07/11/2014 10:08:03 27.8 29.8 48.0 48.0 46.0
07/11/2014 10:09:23 27.8 29.8 48.0 48.0 48.0
07/11/2014 10:10:43 27.8 29.8 48.0 48.0 48.0
07/11/2014 10:12:03 27.8 29.8 47.0 47.0 47.0
07/11/2014 10:13:23 27.8 29.8 46.0 46.0 47.0
07/11/2014 10:14:43 27.8 29.8 47.0 47.0 47.0
07/11/2014 10:16:03 27.8 29.8 47.0 47.0 47.0
07/11/2014 10:17:23 27.8 29.8 47.0 47.0 46.0
07/11/2014 10:18:43 27.8 29.8 46.0 46.0 45.0
07/11/2014 10:20:03 27.8 29.8 47.0 47.0 46.0
07/11/2014 10:21:23 27.8 29.8 47.0 47.0 47.0
07/11/2014 10:22:44 27.8 29.8 48.0 48.0 45.0
07/11/2014 10:24:04 27.8 29.8 46.0 46.0 46.0
07/11/2014 10:25:24 27.8 29.8 46.0 46.0 45.0
07/11/2014 10:26:44 27.8 29.8 46.0 46.0 46.0
07/11/2014 10:28:04 27.8 29.8 47.0 47.0 46.0
07/11/2014 10:29:24 27.8 29.8 47.0 47.0 46.0
07/11/2014 10:30:44 27.8 29.8 46.0 46.0 46.0
07/11/2014 10:32:04 27.8 29.8 47.0 47.0 46.0
07/11/2014 10:33:24 27.8 29.8 47.0 47.0 47.0
07/11/2014 10:34:44 27.8 29.8 47.0 47.0 46.0
07/11/2014 10:36:04 27.8 29.8 47.0 47.0 46.0
07/11/2014 10:37:24 27.8 29.8 47.0 47.0 47.0
07/11/2014 10:38:44 27.8 29.8 47.0 47.0 46.0
07/11/2014 10:40:04 27.8 29.8 47.0 47.0 46.0
07/11/2014 10:41:25 27.8 29.8 47.0 47.0 46.0
07/11/2014 10:42:45 27.8 29.8 47.0 47.0 45.0
07/11/2014 10:44:05 27.8 29.8 48.0 48.0 47.0
07/11/2014 10:45:25 27.8 29.8 47.0 47.0 46.0
07/11/2014 10:46:45 27.8 29.8 48.0 48.0 48.0
07/11/2014 10:48:05 27.8 29.8 47.0 47.0 47.0
07/11/2014 10:49:25 27.8 29.8 46.0 46.0 47.0
07/11/2014 10:50:45 27.8 29.8 47.0 47.0 47.0
07/11/2014 10:52:05 27.8 29.8 48.0 48.0 46.0
07/11/2014 10:53:25 27.8 29.8 47.0 47.0 46.0
07/11/2014 10:54:45 27.8 29.8 47.0 47.0 47.0
07/11/2014 10:56:05 27.8 29.8 47.0 47.0 46.0
07/11/2014 10:57:25 27.8 29.8 47.0 47.0 47.0
07/11/2014 10:58:45 27.8 29.8 47.0 47.0 46.0
07/11/2014 11:00:06 27.8 29.8 48.0 47.0 47.0
07/11/2014 11:01:26 27.8 29.8 47.0 46.0 47.0
07/11/2014 11:02:46 27.8 29.8 47.0 47.0 46.0
07/11/2014 11:04:06 27.8 29.8 47.0 47.0 46.0
07/11/2014 11:05:26 27.8 29.8 48.0 46.0 47.0
07/11/2014 11:06:46 27.8 29.8 47.0 46.0 46.0
07/11/2014 11:08:06 27.8 29.8 48.0 48.0 46.0
07/11/2014 11:09:26 27.8 29.8 48.0 46.0 47.0
07/11/2014 11:10:46 27.8 29.8 46.0 45.0 46.0
07/11/2014 11:12:06 27.8 29.8 48.0 47.0 48.0
07/11/2014 11:13:26 27.8 29.8 48.0 47.0 48.0
07/11/2014 11:14:46 27.8 29.8 48.0 47.0 47.0
07/11/2014 11:16:06 27.8 29.8 47.0 47.0 47.0
07/11/2014 11:17:26 27.8 29.8 48.0 48.0 46.0
07/11/2014 11:18:46 27.8 29.8 47.0 47.0 46.0
07/11/2014 11:20:07 27.8 29.8 47.0 46.0 47.0
07/11/2014 11:21:27 27.8 29.8 46.0 46.0 46.0
07/11/2014 11:22:47 27.8 29.8 46.0 47.0 46.0
07/11/2014 11:24:07 27.8 29.8 46.0 46.0 45.0
07/11/2014 11:25:27 27.8 29.8 47.0 46.0 47.0
07/11/2014 11:26:47 27.8 29.8 47.0 46.0 47.0
07/11/2014 11:28:07 27.8 29.8 46.0 47.0 46.0
07/11/2014 11:29:27 27.8 29.8 48.0 48.0 46.0
07/11/2014 11:30:47 27.8 29.8 47.0 47.0 46.0
07/11/2014 11:32:07 27.8 29.8 47.0 46.0 46.0
07/11/2014 11:33:27 27.8 29.8 47.0 47.0 46.0
07/11/2014 11:34:47 27.8 29.8 46.0 46.0 45.0
07/11/2014 11:36:07 27.8 29.8 46.0 46.0 46.0
07/11/2014 11:37:27 27.8 29.8 48.0 48.0 46.0
07/11/2014 11:38:47 27.8 29.8 48.0 48.0 46.0
07/11/2014 11:40:08 27.8 29.8 47.0 47.0 47.0
07/11/2014 11:41:28 27.8 29.8 47.0 47.0 47.0
07/11/2014 11:42:48 27.8 29.8 47.0 47.0 46.0
07/11/2014 11:44:08 27.8 29.8 46.0 46.0 46.0
07/11/2014 11:45:28 27.8 29.8 47.0 47.0 47.0
07/11/2014 11:46:48 27.8 29.8 47.0 47.0 47.0
07/11/2014 11:48:08 27.8 29.8 46.0 46.0 46.0
07/11/2014 11:49:28 27.8 29.8 46.0 46.0 46.0
07/11/2014 11:50:48 27.8 29.8 45.0 45.0 45.0
07/11/2014 11:52:08 27.8 29.8 46.0 46.0 46.0
07/11/2014 11:53:28 27.8 29.8 47.0 46.0 46.0
07/11/2014 11:54:48 27.8 29.8 47.0 46.0 47.0
07/11/2014 11:56:08 27.8 29.8 47.0 47.0 46.0
07/11/2014 11:57:28 27.8 29.8 47.0 47.0 47.0
07/11/2014 11:58:48 27.8 29.8 46.0 46.0 46.0
07/11/2014 12:00:08 27.8 29.8 46.0 46.0 46.0
07/11/2014 12:01:29 27.8 29.8 46.0 46.0 45.0
07/11/2014 12:02:49 27.8 29.8 47.0 46.0 47.0
07/11/2014 12:04:09 27.8 29.8 47.0 45.0 47.0
07/11/2014 12:05:29 27.8 29.8 47.0 46.0 47.0
07/11/2014 12:06:49 27.8 29.8 47.0 46.0 47.0
07/11/2014 12:08:09 27.8 29.8 47.0 47.0 45.0
07/11/2014 12:09:29 27.8 29.8 48.0 48.0 46.0
07/11/2014 12:10:49 27.8 29.8 47.0 47.0 46.0
07/11/2014 12:12:09 27.8 29.8 47.0 47.0 46.0
07/11/2014 12:13:29 27.8 29.8 47.0 47.0 46.0
07/11/2014 12:14:49 27.8 29.8 47.0 47.0 47.0
07/11/2014 12:16:09 27.8 29.8 47.0 47.0 45.0
07/11/2014 12:17:29 27.8 29.8 47.0 47.0 46.0
07/11/2014 12:18:49 27.8 29.8 47.0 47.0 46.0
07/11/2014 12:20:09 27.8 29.8 47.0 47.0 46.0
07/11/2014 12:21:30 27.8 29.8 47.0 47.0 46.0
07/11/2014 12:22:50 27.8 29.8 47.0 46.0 47.0
07/11/2014 12:24:10 27.8 29.8 47.0 46.0 47.0
07/11/2014 12:25:30 27.8 29.8 46.0 46.0 46.0
07/11/2014 12:26:50 27.8 29.8 47.0 46.0 46.0
07/11/2014 12:28:10 27.8 29.8 46.0 46.0 46.0
07/11/2014 12:29:30 27.8 29.8 46.0 46.0 46.0
07/11/2014 12:30:50 27.8 29.8 46.0 46.0 46.0
07/11/2014 12:32:10 27.8 29.8 47.0 47.0 46.0
07/11/2014 12:33:30 27.8 29.8 47.0 46.0 47.0
07/11/2014 12:34:50 27.8 29.8 47.0 47.0 45.0
07/11/2014 12:36:10 27.8 29.8 47.0 47.0 46.0
07/11/2014 12:37:30 27.8 29.8 47.0 47.0 46.0
07/11/2014 12:38:50 27.8 29.8 48.0 47.0 48.0
07/11/2014 12:40:11 27.8 29.8 48.0 48.0 46.0
07/11/2014 12:41:31 27.8 29.8 47.0 46.0 47.0
07/11/2014 12:42:51 27.8 29.8 47.0 47.0 47.0
07/11/2014 12:44:11 27.8 29.8 49.0 49.0 47.0
07/11/2014 12:45:31 27.8 29.8 47.0 47.0 46.0
07/11/2014 12:46:51 27.8 29.8 48.0 48.0 47.0
07/11/2014 12:48:11 27.8 29.8 47.0 47.0 46.0
07/11/2014 12:49:31 27.8 29.8 47.0 47.0 47.0
07/11/2014 12:50:51 27.8 29.8 47.0 47.0 47.0
07/11/2014 12:52:11 27.8 29.8 47.0 46.0 47.0
07/11/2014 12:53:31 27.8 29.8 48.0 47.0 48.0
07/11/2014 12:54:51 27.8 29.8 48.0 48.0 46.0
07/11/2014 12:56:11 27.8 29.8 47.0 47.0 46.0
07/11/2014 12:57:31 27.8 29.8 46.0 46.0 46.0
07/11/2014 12:58:51 27.8 29.8 45.0 45.0 45.0
07/11/2014 13:00:12 27.8 29.8 47.0 47.0 45.0
07/11/2014 13:01:32 27.8 29.8 46.0 46.0 45.0
07/11/2014 13:02:52 27.8 29.8 46.0 45.0 46.0
07/11/2014 13:04:12 27.8 29.8 46.0 46.0 45.0
07/11/2014 13:05:32 27.8 29.8 46.0 45.0 46.0
07/11/2014 13:06:52 27.8 29.8 46.0 46.0 46.0
07/11/2014 13:08:12 27.8 29.8 47.0 46.0 47.0
07/11/2014 13:09:32 27.8 29.8 47.0 46.0 47.0
07/11/2014 13:10:52 27.8 29.8 47.0 46.0 48.0
07/11/2014 13:12:12 27.8 29.8 47.0 46.0 47.0
07/11/2014 13:13:32 27.8 29.8 47.0 47.0 46.0
07/11/2014 13:14:52 27.8 29.8 46.0 46.0 46.0
07/11/2014 13:16:12 27.8 29.8 47.0 47.0 45.0
07/11/2014 13:17:32 27.8 29.8 46.0 46.0 46.0
07/11/2014 13:18:53 27.8 29.8 47.0 47.0 46.0
07/11/2014 13:20:13 27.8 29.8 48.0 47.0 48.0
07/11/2014 13:21:33 27.8 29.8 47.0 47.0 47.0
07/11/2014 13:22:53 27.8 29.8 46.0 46.0 46.0
07/11/2014 13:24:13 27.8 29.8 47.0 46.0 47.0
07/11/2014 13:25:33 27.8 29.8 48.0 46.0 48.0
07/11/2014 13:26:53 27.8 29.8 47.0 46.0 47.0
07/11/2014 13:28:13 27.8 29.8 47.0 47.0 47.0
07/11/2014 13:29:33 27.8 29.8 46.0 46.0 46.0
07/11/2014 13:30:53 27.8 29.8 47.0 47.0 47.0
07/11/2014 13:32:13 27.8 29.8 46.0 46.0 46.0
07/11/2014 13:33:33 27.8 29.8 47.0 46.0 47.0
07/11/2014 13:34:53 27.8 29.8 46.0 45.0 46.0
07/11/2014 13:36:13 27.8 29.8 46.0 46.0 46.0
07/11/2014 13:37:33 27.8 29.8 47.0 47.0 46.0
07/11/2014 13:38:53 27.8 29.8 47.0 47.0 47.0
07/11/2014 13:40:14 27.8 29.8 47.0 47.0 46.0
07/11/2014 13:41:34 27.8 29.8 47.0 47.0 46.0
07/11/2014 13:42:54 27.8 29.8 48.0 47.0 47.0
07/11/2014 13:44:14 27.8 29.8 47.0 47.0 46.0
07/11/2014 13:45:34 27.8 29.8 47.0 47.0 46.0
07/11/2014 13:46:54 27.8 29.8 47.0 46.0 46.0
07/11/2014 13:48:14 27.8 29.8 47.0 47.0 46.0
07/11/2014 13:49:34 27.8 29.8 47.0 47.0 47.0
07/11/2014 13:50:54 27.8 29.8 47.0 46.0 47.0
07/11/2014 13:52:14 27.8 29.8 47.0 47.0 45.0
07/11/2014 13:53:34 27.8 29.8 47.0 47.0 47.0
07/11/2014 13:54:54 27.8 29.8 48.0 48.0 47.0
07/11/2014 13:56:14 27.8 29.8 48.0 48.0 46.0
07/11/2014 13:57:34 27.8 29.8 48.0 48.0 46.0
07/11/2014 13:58:55 27.8 29.8 47.0 46.0 47.0
07/11/2014 14:00:15 27.8 29.8 48.0 47.0 48.0
07/11/2014 14:01:35 27.8 29.8 47.0 46.0 46.0
07/11/2014 14:02:55 27.8 29.8 48.0 47.0 48.0
07/11/2014 14:04:15 27.8 29.8 46.0 46.0 46.0
07/11/2014 14:05:35 27.8 29.8 47.0 47.0 47.0
07/11/2014 14:06:55 27.8 29.8 47.0 47.0 46.0
07/11/2014 14:08:15 27.8 29.8 47.0 47.0 46.0
07/11/2014 14:09:35 27.8 29.8 47.0 47.0 46.0
07/11/2014 14:10:55 27.8 29.8 47.0 46.0 47.0
07/11/2014 14:12:15 27.8 29.8 47.0 46.0 47.0
07/11/2014 14:13:35 27.8 29.8 48.0 48.0 46.0
07/11/2014 14:14:55 27.8 29.8 46.0 46.0 45.0
07/11/2014 14:16:15 27.8 29.8 46.0 46.0 45.0
07/11/2014 14:17:35 27.8 29.8 46.0 46.0 45.0
07/11/2014 14:18:56 27.8 29.8 46.0 46.0 44.0
07/11/2014 14:20:16 27.8 29.8 47.0 47.0 46.0
07/11/2014 14:21:36 27.8 29.8 47.0 47.0 47.0
07/11/2014 14:22:56 27.8 29.8 48.0 48.0 45.0
07/11/2014 14:24:16 27.8 29.8 47.0 47.0 45.0
07/11/2014 14:25:36 27.8 29.8 47.0 47.0 44.0
07/11/2014 14:26:56 27.8 29.8 47.0 47.0 46.0
07/11/2014 14:28:16 27.8 29.8 46.0 46.0 46.0
07/11/2014 14:29:36 27.8 29.8 46.0 46.0 46.0
07/11/2014 14:30:56 27.8 29.8 47.0 47.0 47.0
07/11/2014 14:32:16 27.8 29.8 46.0 46.0 46.0
07/11/2014 14:33:36 27.8 29.8 48.0 49.0 46.0
07/11/2014 14:34:56 27.8 29.8 47.0 47.0 46.0
07/11/2014 14:36:16 27.8 29.8 48.0 48.0 47.0
07/11/2014 14:37:36 27.8 29.8 46.0 46.0 46.0
07/11/2014 14:38:57 27.8 29.8 47.0 48.0 45.0
07/11/2014 14:40:17 27.8 29.8 46.0 46.0 46.0
07/11/2014 14:41:37 27.8 29.8 46.0 46.0 46.0
07/11/2014 14:42:57 27.8 29.8 47.0 46.0 47.0
07/11/2014 14:44:17 27.8 29.8 46.0 46.0 44.0
07/11/2014 14:45:37 27.8 29.8 47.0 47.0 46.0
07/11/2014 14:46:57 27.8 29.8 47.0 47.0 46.0
07/11/2014 14:48:17 27.8 29.8 47.0 47.0 45.0
07/11/2014 14:49:37 27.8 29.8 46.0 46.0 45.0
07/11/2014 14:50:57 27.8 29.8 47.0 47.0 46.0
07/11/2014 14:52:17 27.8 29.8 48.0 48.0 47.0
07/11/2014 14:53:37 27.8 29.8 47.0 46.0 47.0
07/11/2014 14:54:57 27.8 29.8 47.0 46.0 47.0
07/11/2014 14:56:17 27.8 29.8 47.0 47.0 46.0
07/11/2014 14:57:37 27.8 29.8 48.0 48.0 45.0
07/11/2014 14:58:58 27.8 29.8 46.0 46.0 46.0
07/11/2014 15:00:18 27.8 29.8 47.0 47.0 47.0
07/11/2014 15:01:38 27.8 29.8 48.0 48.0 47.0
07/11/2014 15:02:58 27.8 29.8 47.0 47.0 47.0
07/11/2014 15:04:18 27.8 29.8 48.0 48.0 46.0
07/11/2014 15:05:38 27.8 29.8 48.0 48.0 46.0
07/11/2014 15:06:58 27.8 29.8 47.0 47.0 46.0
07/11/2014 15:08:18 27.8 29.8 47.0 47.0 47.0
07/11/2014 15:09:38 27.8 29.8 48.0 48.0 45.0
07/11/2014 15:10:58 27.8 29.8 47.0 47.0 46.0
07/11/2014 15:12:18 27.8 29.8 46.0 46.0 46.0
07/11/2014 15:13:38 27.8 29.8 47.0 47.0 45.0
07/11/2014 15:14:58 27.8 29.8 48.0 49.0 47.0
07/11/2014 15:16:18 27.8 29.8 48.0 48.0 46.0
07/11/2014 15:17:38 27.8 29.8 47.0 48.0 47.0
07/11/2014 15:18:59 27.8 29.8 47.0 47.0 47.0
07/11/2014 15:20:19 27.8 29.8 47.0 46.0 47.0
07/11/2014 15:21:39 27.8 29.8 47.0 47.0 46.0
07/11/2014 15:22:59 27.8 29.8 47.0 45.0 47.0
07/11/2014 15:24:19 27.8 29.8 47.0 45.0 47.0
07/11/2014 15:25:39 27.8 29.8 47.0 47.0 47.0
07/11/2014 15:26:59 27.8 29.8 46.0 46.0 45.0
07/11/2014 15:28:19 27.8 29.8 46.0 46.0 46.0
07/11/2014 15:29:39 27.8 29.8 47.0 45.0 47.0
07/11/2014 15:30:59 27.8 29.8 47.0 47.0 46.0
07/11/2014 15:32:19 27.8 29.8 46.0 46.0 46.0
07/11/2014 15:33:39 27.8 29.8 47.0 47.0 47.0
07/11/2014 15:34:59 27.8 29.8 47.0 47.0 46.0
07/11/2014 15:36:19 27.8 29.8 47.0 46.0 47.0
07/11/2014 15:37:39 27.8 29.8 46.0 46.0 47.0
07/11/2014 15:39:00 27.8 29.8 46.0 46.0 46.0
07/11/2014 15:40:20 27.8 29.8 47.0 45.0 46.0
07/11/2014 15:41:40 27.8 29.8 47.0 47.0 46.0
07/11/2014 15:43:00 27.8 29.8 46.0 46.0 46.0
07/11/2014 15:44:20 27.8 29.8 46.0 46.0 46.0
07/11/2014 15:45:40 27.8 29.8 46.0 46.0 46.0
07/11/2014 15:47:00 27.8 29.8 48.0 47.0 48.0
07/11/2014 15:48:20 27.8 29.8 47.0 46.0 47.0
07/11/2014 15:49:40 27.8 29.8 47.0 46.0 47.0
07/11/2014 15:51:00 27.8 29.8 47.0 47.0 46.0
07/11/2014 15:52:20 27.8 29.8 46.0 46.0 46.0
07/11/2014 15:53:40 27.8 29.8 46.0 45.0 45.0
07/11/2014 15:55:00 27.8 29.8 48.0 48.0 46.0
07/11/2014 15:56:20 27.8 29.8 47.0 47.0 46.0
07/11/2014 15:57:40 27.8 29.8 48.0 48.0 48.0
07/11/2014 15:59:01 27.8 29.8 48.0 48.0 48.0
07/11/2014 16:00:21 27.8 29.8 47.0 46.0 47.0
07/11/2014 16:01:41 27.8 29.8 47.0 47.0 47.0
07/11/2014 16:03:01 27.8 29.8 47.0 47.0 46.0
07/11/2014 16:04:21 27.8 29.8 47.0 46.0 47.0
07/11/2014 16:05:41 27.8 29.8 46.0 46.0 46.0
07/11/2014 16:07:01 27.8 29.8 47.0 47.0 47.0
07/11/2014 16:08:21 27.8 29.8 47.0 46.0 47.0
07/11/2014 16:09:41 27.8 29.8 48.0 47.0 48.0
07/11/2014 16:11:01 27.8 29.8 47.0 47.0 46.0
07/11/2014 16:12:21 27.8 29.8 48.0 45.0 48.0
07/11/2014 16:13:41 27.8 29.8 47.0 47.0 46.0
07/11/2014 16:15:01 27.8 29.8 48.0 48.0 47.0
07/11/2014 16:16:21 27.8 29.8 47.0 47.0 47.0
07/11/2014 16:17:42 27.8 29.8 49.0 49.0 48.0
07/11/2014 16:19:02 27.8 29.8 48.0 48.0 46.0
07/11/2014 16:20:22 27.8 29.8 47.0 47.0 47.0
07/11/2014 16:21:42 27.8 29.8 48.0 47.0 47.0
07/11/2014 16:23:02 27.8 29.8 48.0 48.0 46.0
07/11/2014 16:24:22 27.8 29.8 49.0 49.0 46.0
07/11/2014 16:25:42 27.8 29.8 47.0 47.0 47.0
07/11/2014 16:27:02 27.8 29.8 48.0 48.0 47.0
07/11/2014 16:28:22 27.8 29.8 47.0 47.0 47.0
07/11/2014 16:29:42 27.8 29.8 47.0 47.0 46.0
