03/11/2014 14:10:53 27.8 29.8 35.0 34.0 33.0
03/11/2014 14:10:53 27.8 29.8 35.0 34.0 33.0
03/11/2014 14:10:54 27.8 29.8 40.0 40.0 34.0
03/11/2014 14:10:54 27.8 29.8 40.0 40.0 34.0
03/11/2014 14:10:55 27.8 29.8 39.0 39.0 35.0
03/11/2014 14:10:55 27.8 29.8 39.0 39.0 35.0
03/11/2014 14:10:56 27.8 29.8 39.0 38.0 35.0
03/11/2014 14:10:56 27.8 29.8 39.0 38.0 35.0
03/11/2014 14:10:57 27.8 29.8 39.0 39.0 35.0
03/11/2014 14:10:57 27.8 29.8 39.0 39.0 35.0
03/11/2014 14:10:58 27.8 29.8 39.0 39.0 35.0
03/11/2014 14:10:58 27.8 29.8 39.0 39.0 35.0
03/11/2014 14:10:59 27.8 29.8 40.0 40.0 35.0
03/11/2014 14:10:59 27.8 29.8 40.0 40.0 35.0
03/11/2014 14:11:00 27.8 29.8 39.0 39.0 35.0
03/11/2014 14:11:00 27.8 29.8 39.0 39.0 35.0
03/11/2014 14:11:01 27.8 29.8 39.0 39.0 35.0
03/11/2014 14:11:01 27.8 29.8 39.0 39.0 35.0
03/11/2014 14:11:02 27.8 29.8 40.0 40.0 36.0
03/11/2014 14:11:02 27.8 29.8 40.0 40.0 36.0
03/11/2014 14:11:03 27.8 29.8 40.0 40.0 36.0
03/11/2014 14:11:04 27.8 29.8 40.0 40.0 36.0
03/11/2014 14:11:04 27.8 29.8 40.0 39.0 36.0
03/11/2014 14:11:05 27.8 29.8 40.0 39.0 36.0
03/11/2014 14:11:05 27.8 29.8 40.0 40.0 36.0
03/11/2014 14:11:06 27.8 29.8 40.0 40.0 36.0
03/11/2014 14:11:06 27.8 29.8 39.0 39.0 36.0
03/11/2014 14:11:07 27.8 29.8 39.0 39.0 36.0
03/11/2014 14:11:07 27.8 29.8 40.0 40.0 35.0
03/11/2014 14:11:08 27.8 29.8 40.0 40.0 35.0
03/11/2014 14:11:08 27.8 29.8 40.0 40.0 36.0
03/11/2014 14:11:09 27.8 29.8 40.0 40.0 36.0
03/11/2014 14:11:09 27.8 29.8 39.0 39.0 35.0
03/11/2014 14:11:10 27.8 29.8 39.0 39.0 35.0
03/11/2014 14:11:10 27.8 29.8 40.0 40.0 35.0
03/11/2014 14:11:11 27.8 29.8 40.0 40.0 35.0
03/11/2014 14:11:11 27.8 29.8 40.0 40.0 36.0
03/11/2014 14:11:12 27.8 29.8 40.0 40.0 36.0
03/11/2014 14:11:12 27.8 29.8 41.0 41.0 36.0
03/11/2014 14:11:13 27.8 29.8 41.0 41.0 36.0
03/11/2014 14:11:13 27.8 29.8 40.0 40.0 35.0
03/11/2014 14:11:14 27.8 29.8 40.0 40.0 35.0
03/11/2014 14:11:14 27.8 29.8 41.0 41.0 36.0
03/11/2014 14:11:15 27.8 29.8 41.0 41.0 36.0
03/11/2014 14:11:15 27.8 29.8 41.0 41.0 36.0
03/11/2014 14:11:16 27.8 29.8 41.0 41.0 36.0
03/11/2014 14:11:16 27.8 29.8 40.0 40.0 36.0
03/11/2014 14:11:17 27.8 29.8 40.0 40.0 36.0
03/11/2014 14:11:17 27.8 29.8 40.0 40.0 35.0
03/11/2014 14:11:18 27.8 29.8 40.0 40.0 35.0
03/11/2014 14:11:18 27.8 29.8 40.0 40.0 36.0
03/11/2014 14:11:19 27.8 29.8 40.0 40.0 36.0
03/11/2014 14:11:19 27.8 29.8 40.0 40.0 35.0
03/11/2014 14:11:20 27.8 29.8 40.0 40.0 35.0
03/11/2014 14:11:20 27.8 29.8 41.0 41.0 36.0
03/11/2014 14:11:21 27.8 29.8 41.0 41.0 36.0
03/11/2014 14:11:21 27.8 29.8 40.0 41.0 37.0
03/11/2014 14:11:22 27.8 29.8 40.0 41.0 37.0
03/11/2014 14:11:23 27.8 29.8 40.0 40.0 36.0
03/11/2014 14:11:23 27.8 29.8 40.0 40.0 36.0
03/11/2014 14:11:24 27.8 29.8 41.0 41.0 35.0
03/11/2014 14:11:24 27.8 29.8 41.0 41.0 35.0
03/11/2014 14:11:25 27.8 29.8 41.0 41.0 36.0
03/11/2014 14:11:25 27.8 29.8 41.0 41.0 36.0
03/11/2014 14:11:26 27.8 29.8 41.0 41.0 37.0
03/11/2014 14:11:26 27.8 29.8 41.0 41.0 37.0
03/11/2014 14:11:27 27.8 29.8 40.0 40.0 37.0
03/11/2014 14:11:27 27.8 29.8 40.0 40.0 37.0
03/11/2014 14:11:28 27.8 29.8 42.0 42.0 36.0
03/11/2014 14:11:28 27.8 29.8 42.0 42.0 36.0
03/11/2014 14:11:29 27.8 29.8 41.0 41.0 37.0
03/11/2014 14:11:29 27.8 29.8 41.0 41.0 37.0
03/11/2014 14:11:30 27.8 29.8 40.0 40.0 37.0
03/11/2014 14:11:30 27.8 29.8 40.0 40.0 37.0
03/11/2014 14:11:31 27.8 29.8 41.0 40.0 36.0
03/11/2014 14:11:31 27.8 29.8 41.0 40.0 36.0
03/11/2014 14:11:32 27.8 29.8 41.0 41.0 36.0
03/11/2014 14:11:32 27.8 29.8 41.0 41.0 36.0
03/11/2014 14:11:33 27.8 29.8 42.0 42.0 35.0
03/11/2014 14:11:33 27.8 29.8 42.0 42.0 35.0
03/11/2014 14:11:34 27.8 29.8 40.0 40.0 36.0
03/11/2014 14:11:34 27.8 29.8 40.0 40.0 36.0
03/11/2014 14:11:35 27.8 29.8 41.0 41.0 35.0
03/11/2014 14:11:35 27.8 29.8 41.0 41.0 35.0
03/11/2014 14:11:36 27.8 29.8 41.0 41.0 36.0
03/11/2014 14:11:36 27.8 29.8 41.0 41.0 36.0
03/11/2014 14:11:37 27.8 29.8 41.0 40.0 35.0
03/11/2014 14:11:37 27.8 29.8 41.0 40.0 35.0
03/11/2014 14:11:38 27.8 29.8 42.0 42.0 35.0
03/11/2014 14:11:38 27.8 29.8 42.0 42.0 35.0
03/11/2014 14:11:39 27.8 29.8 41.0 41.0 37.0
03/11/2014 14:11:39 27.8 29.8 41.0 41.0 37.0
03/11/2014 14:11:40 27.8 29.8 40.0 40.0 36.0
03/11/2014 14:11:40 27.8 29.8 40.0 40.0 36.0
03/11/2014 14:11:41 27.8 29.8 42.0 42.0 36.0
03/11/2014 14:11:41 27.8 29.8 42.0 42.0 36.0
03/11/2014 14:11:42 27.8 29.8 41.0 41.0 36.0
03/11/2014 14:11:43 27.8 29.8 41.0 41.0 36.0
03/11/2014 14:11:43 27.8 29.8 41.0 41.0 36.0
03/11/2014 14:11:44 27.8 29.8 41.0 41.0 36.0
03/11/2014 14:11:44 27.8 29.8 40.0 40.0 37.0
03/11/2014 14:11:45 27.8 29.8 40.0 40.0 37.0
03/11/2014 14:11:45 27.8 29.8 41.0 42.0 36.0
03/11/2014 14:11:46 27.8 29.8 41.0 42.0 36.0
03/11/2014 14:11:46 27.8 29.8 42.0 42.0 36.0
03/11/2014 14:11:47 27.8 29.8 42.0 42.0 36.0
03/11/2014 14:11:47 27.8 29.8 42.0 42.0 36.0
03/11/2014 14:11:48 27.8 29.8 42.0 42.0 36.0
03/11/2014 14:11:48 27.8 29.8 42.0 42.0 36.0
03/11/2014 14:11:49 27.8 29.8 42.0 42.0 36.0
03/11/2014 14:11:49 27.8 29.8 41.0 41.0 36.0
03/11/2014 14:11:50 27.8 29.8 41.0 41.0 36.0
03/11/2014 14:11:50 27.8 29.8 42.0 42.0 37.0
03/11/2014 14:11:51 27.8 29.8 42.0 42.0 37.0
03/11/2014 14:11:51 27.8 29.8 41.0 42.0 37.0
03/11/2014 14:11:52 27.8 29.8 41.0 42.0 37.0
03/11/2014 14:11:52 27.8 29.8 41.0 41.0 37.0
03/11/2014 14:11:53 27.8 29.8 41.0 41.0 37.0
03/11/2014 14:11:53 27.8 29.8 42.0 42.0 36.0
03/11/2014 14:11:54 27.8 29.8 42.0 42.0 36.0
03/11/2014 14:11:54 27.8 29.8 41.0 41.0 36.0
03/11/2014 14:11:55 27.8 29.8 41.0 41.0 36.0
03/11/2014 14:11:55 27.8 29.8 42.0 42.0 38.0
03/11/2014 14:11:56 27.8 29.8 42.0 42.0 38.0
03/11/2014 14:11:56 27.8 29.8 41.0 41.0 38.0
03/11/2014 14:11:57 27.8 29.8 41.0 41.0 38.0
03/11/2014 14:11:57 27.8 29.8 41.0 41.0 38.0
03/11/2014 14:11:58 27.8 29.8 41.0 41.0 38.0
03/11/2014 14:11:58 27.8 29.8 41.0 41.0 36.0
03/11/2014 14:11:59 27.8 29.8 41.0 41.0 36.0
03/11/2014 14:11:59 27.8 29.8 42.0 42.0 37.0
03/11/2014 14:12:00 27.8 29.8 42.0 42.0 37.0
03/11/2014 14:12:00 27.8 29.8 41.0 41.0 37.0
03/11/2014 14:12:01 27.8 29.8 41.0 41.0 37.0
03/11/2014 14:12:01 27.8 29.8 40.0 40.0 37.0
03/11/2014 14:12:02 27.8 29.8 40.0 40.0 37.0
03/11/2014 14:12:03 27.8 29.8 42.0 42.0 38.0
03/11/2014 14:12:03 27.8 29.8 42.0 42.0 38.0
03/11/2014 14:12:04 27.8 29.8 41.0 41.0 37.0
03/11/2014 14:12:04 27.8 29.8 41.0 41.0 37.0
03/11/2014 14:12:05 27.8 29.8 41.0 41.0 37.0
03/11/2014 14:12:05 27.8 29.8 41.0 41.0 37.0
03/11/2014 14:12:06 27.8 29.8 42.0 42.0 37.0
03/11/2014 14:12:06 27.8 29.8 42.0 42.0 37.0
03/11/2014 14:12:07 27.8 29.8 41.0 41.0 37.0
03/11/2014 14:12:07 27.8 29.8 41.0 41.0 37.0
03/11/2014 14:12:08 27.8 29.8 41.0 41.0 37.0
03/11/2014 14:12:08 27.8 29.8 41.0 41.0 37.0
03/11/2014 14:12:09 27.8 29.8 41.0 41.0 36.0
03/11/2014 14:12:09 27.8 29.8 41.0 41.0 36.0
03/11/2014 14:12:10 27.8 29.8 41.0 41.0 37.0
03/11/2014 14:12:10 27.8 29.8 41.0 41.0 37.0
03/11/2014 14:12:11 27.8 29.8 41.0 41.0 36.0
03/11/2014 14:12:11 27.8 29.8 41.0 41.0 36.0
03/11/2014 14:12:12 27.8 29.8 41.0 41.0 37.0
03/11/2014 14:12:12 27.8 29.8 41.0 41.0 37.0
03/11/2014 14:12:13 27.8 29.8 41.0 41.0 38.0
03/11/2014 14:12:13 27.8 29.8 41.0 41.0 38.0
03/11/2014 14:12:14 27.8 29.8 42.0 42.0 38.0
03/11/2014 14:12:14 27.8 29.8 42.0 42.0 38.0
03/11/2014 14:12:15 27.8 29.8 41.0 41.0 37.0
03/11/2014 14:12:15 27.8 29.8 41.0 41.0 37.0
03/11/2014 14:12:16 27.8 29.8 41.0 41.0 36.0
03/11/2014 14:12:16 27.8 29.8 41.0 41.0 36.0
03/11/2014 14:12:17 27.8 29.8 40.0 40.0 36.0
03/11/2014 14:12:17 27.8 29.8 40.0 40.0 36.0
03/11/2014 14:12:18 27.8 29.8 40.0 40.0 37.0
03/11/2014 14:12:18 27.8 29.8 40.0 40.0 37.0
03/11/2014 14:12:19 27.8 29.8 41.0 41.0 36.0
03/11/2014 14:12:19 27.8 29.8 41.0 41.0 36.0
03/11/2014 14:12:20 27.8 29.8 41.0 41.0 37.0
03/11/2014 14:12:20 27.8 29.8 41.0 41.0 37.0
03/11/2014 14:12:21 27.8 29.8 41.0 41.0 37.0
03/11/2014 14:12:21 27.8 29.8 41.0 41.0 37.0
03/11/2014 14:12:22 27.8 29.8 41.0 41.0 36.0
03/11/2014 14:12:23 27.8 29.8 41.0 41.0 36.0
03/11/2014 14:12:23 27.8 29.8 42.0 42.0 37.0
03/11/2014 14:12:24 27.8 29.8 42.0 42.0 37.0
03/11/2014 14:12:24 27.8 29.8 42.0 41.0 36.0
03/11/2014 14:12:25 27.8 29.8 42.0 41.0 36.0
03/11/2014 14:12:25 27.8 29.8 41.0 41.0 37.0
03/11/2014 14:12:26 27.8 29.8 41.0 41.0 37.0
03/11/2014 14:12:26 27.8 29.8 41.0 41.0 37.0
03/11/2014 14:12:27 27.8 29.8 41.0 41.0 37.0
03/11/2014 14:12:27 27.8 29.8 41.0 40.0 37.0
03/11/2014 14:12:28 27.8 29.8 41.0 40.0 37.0
03/11/2014 14:12:28 27.8 29.8 41.0 41.0 37.0
03/11/2014 14:12:29 27.8 29.8 41.0 41.0 37.0
03/11/2014 14:12:29 27.8 29.8 40.0 40.0 37.0
03/11/2014 14:12:30 27.8 29.8 40.0 40.0 37.0
03/11/2014 14:12:30 27.8 29.8 40.0 40.0 37.0
03/11/2014 14:12:31 27.8 29.8 40.0 40.0 37.0
03/11/2014 14:12:31 27.8 29.8 41.0 41.0 38.0
03/11/2014 14:12:32 27.8 29.8 41.0 41.0 38.0
03/11/2014 14:12:32 27.8 29.8 40.0 40.0 37.0
03/11/2014 14:12:33 27.8 29.8 40.0 40.0 37.0
03/11/2014 14:12:33 27.8 29.8 41.0 41.0 37.0
03/11/2014 14:12:34 27.8 29.8 41.0 41.0 37.0
03/11/2014 14:12:34 27.8 29.8 41.0 41.0 38.0
03/11/2014 14:12:35 27.8 29.8 41.0 41.0 38.0
03/11/2014 14:12:35 27.8 29.8 41.0 41.0 38.0
03/11/2014 14:12:36 27.8 29.8 41.0 41.0 38.0
03/11/2014 14:12:36 27.8 29.8 41.0 41.0 38.0
03/11/2014 14:12:37 27.8 29.8 41.0 41.0 38.0
03/11/2014 14:12:37 27.8 29.8 41.0 41.0 38.0
03/11/2014 14:12:38 27.8 29.8 41.0 41.0 38.0
03/11/2014 14:12:38 27.8 29.8 41.0 41.0 38.0
03/11/2014 14:12:39 27.8 29.8 41.0 41.0 38.0
03/11/2014 14:12:39 27.8 29.8 41.0 41.0 37.0
03/11/2014 14:12:40 27.8 29.8 41.0 41.0 37.0
03/11/2014 14:12:40 27.8 29.8 39.0 38.0 40.0
03/11/2014 14:12:41 27.8 29.8 39.0 38.0 40.0
03/11/2014 14:12:41 27.8 29.8 40.0 38.0 40.0
03/11/2014 14:12:42 27.8 29.8 40.0 38.0 40.0
03/11/2014 14:12:43 27.8 29.8 40.0 38.0 39.0
03/11/2014 14:12:43 27.8 29.8 40.0 38.0 39.0
03/11/2014 14:12:44 27.8 29.8 40.0 38.0 40.0
03/11/2014 14:12:44 27.8 29.8 40.0 38.0 40.0
03/11/2014 14:12:45 27.8 29.8 40.0 38.0 40.0
03/11/2014 14:12:45 27.8 29.8 40.0 38.0 40.0
03/11/2014 14:12:46 27.8 29.8 40.0 39.0 39.0
03/11/2014 14:12:46 27.8 29.8 40.0 39.0 39.0
03/11/2014 14:12:47 27.8 29.8 40.0 38.0 39.0
03/11/2014 14:12:47 27.8 29.8 40.0 38.0 39.0
03/11/2014 14:12:48 27.8 29.8 42.0 39.0 40.0
03/11/2014 14:12:48 27.8 29.8 42.0 39.0 40.0
03/11/2014 14:12:49 27.8 29.8 40.0 39.0 40.0
03/11/2014 14:12:49 27.8 29.8 40.0 39.0 40.0
03/11/2014 14:12:50 27.8 29.8 40.0 39.0 39.0
03/11/2014 14:12:50 27.8 29.8 40.0 39.0 39.0
03/11/2014 14:12:51 27.8 29.8 40.0 39.0 40.0
03/11/2014 14:12:51 27.8 29.8 40.0 39.0 40.0
03/11/2014 14:12:52 27.8 29.8 41.0 38.0 41.0
03/11/2014 14:12:52 27.8 29.8 41.0 38.0 41.0
03/11/2014 14:12:53 27.8 29.8 40.0 39.0 40.0
03/11/2014 14:12:53 27.8 29.8 40.0 39.0 40.0
03/11/2014 14:12:54 27.8 29.8 41.0 39.0 41.0
03/11/2014 14:12:54 27.8 29.8 41.0 39.0 41.0
03/11/2014 14:12:55 27.8 29.8 40.0 38.0 40.0
03/11/2014 14:12:55 27.8 29.8 40.0 38.0 40.0
03/11/2014 14:12:56 27.8 29.8 40.0 39.0 40.0
03/11/2014 14:12:56 27.8 29.8 40.0 39.0 40.0
03/11/2014 14:12:57 27.8 29.8 41.0 38.0 41.0
03/11/2014 14:12:57 27.8 29.8 41.0 38.0 41.0
03/11/2014 14:12:58 27.8 29.8 40.0 38.0 40.0
03/11/2014 14:12:58 27.8 29.8 40.0 38.0 40.0
03/11/2014 14:12:59 27.8 29.8 40.0 38.0 40.0
03/11/2014 14:12:59 27.8 29.8 40.0 38.0 40.0
03/11/2014 14:13:00 27.8 29.8 40.0 38.0 40.0
03/11/2014 14:13:01 27.8 29.8 40.0 38.0 40.0
03/11/2014 14:13:01 27.8 29.8 40.0 38.0 40.0
03/11/2014 14:13:02 27.8 29.8 40.0 38.0 40.0
03/11/2014 14:13:02 27.8 29.8 40.0 38.0 40.0
03/11/2014 14:13:03 27.8 29.8 40.0 38.0 40.0
03/11/2014 14:13:03 27.8 29.8 41.0 39.0 41.0
03/11/2014 14:13:04 27.8 29.8 41.0 39.0 41.0
03/11/2014 14:13:04 27.8 29.8 40.0 39.0 40.0
03/11/2014 14:13:05 27.8 29.8 40.0 39.0 40.0
03/11/2014 14:13:05 27.8 29.8 40.0 38.0 40.0
03/11/2014 14:13:06 27.8 29.8 40.0 38.0 40.0
03/11/2014 14:13:06 27.8 29.8 40.0 39.0 40.0
03/11/2014 14:13:07 27.8 29.8 40.0 39.0 40.0
03/11/2014 14:13:07 27.8 29.8 40.0 38.0 40.0
03/11/2014 14:13:08 27.8 29.8 40.0 38.0 40.0
03/11/2014 14:13:08 27.8 29.8 41.0 38.0 40.0
03/11/2014 14:13:09 27.8 29.8 41.0 38.0 40.0
03/11/2014 14:13:09 27.8 29.8 40.0 38.0 40.0
03/11/2014 14:13:10 27.8 29.8 40.0 38.0 40.0
03/11/2014 14:13:10 27.8 29.8 40.0 39.0 39.0
03/11/2014 14:13:11 27.8 29.8 40.0 39.0 39.0
03/11/2014 14:13:11 27.8 29.8 40.0 39.0 40.0
03/11/2014 14:13:12 27.8 29.8 40.0 39.0 40.0
03/11/2014 14:13:12 27.8 29.8 40.0 39.0 40.0
03/11/2014 14:13:13 27.8 29.8 40.0 39.0 40.0
03/11/2014 14:13:13 27.8 29.8 40.0 39.0 40.0
03/11/2014 14:13:14 27.8 29.8 40.0 39.0 40.0
03/11/2014 14:13:14 27.8 29.8 40.0 38.0 40.0
03/11/2014 14:13:15 27.8 29.8 40.0 38.0 40.0
03/11/2014 14:13:15 27.8 29.8 40.0 38.0 40.0
03/11/2014 14:13:16 27.8 29.8 40.0 38.0 40.0
03/11/2014 14:13:16 27.8 29.8 40.0 39.0 40.0
03/11/2014 14:13:17 27.8 29.8 40.0 39.0 40.0
03/11/2014 14:13:17 27.8 29.8 40.0 38.0 40.0
03/11/2014 14:13:18 27.8 29.8 40.0 38.0 40.0
03/11/2014 14:13:18 27.8 29.8 40.0 39.0 40.0
03/11/2014 14:13:19 27.8 29.8 40.0 39.0 40.0
03/11/2014 14:13:20 27.8 29.8 40.0 39.0 39.0
03/11/2014 14:13:20 27.8 29.8 40.0 39.0 39.0
03/11/2014 14:13:21 27.8 29.8 40.0 38.0 40.0
03/11/2014 14:13:21 27.8 29.8 40.0 38.0 40.0
03/11/2014 14:13:22 27.8 29.8 40.0 39.0 40.0
03/11/2014 14:13:22 27.8 29.8 40.0 39.0 40.0
03/11/2014 14:13:23 27.8 29.8 40.0 39.0 40.0
03/11/2014 14:13:23 27.8 29.8 40.0 39.0 40.0
03/11/2014 14:13:24 27.8 29.8 40.0 38.0 40.0
03/11/2014 14:13:24 27.8 29.8 40.0 38.0 40.0
03/11/2014 14:13:25 27.8 29.8 40.0 39.0 40.0
03/11/2014 14:13:25 27.8 29.8 40.0 39.0 40.0
03/11/2014 14:13:26 27.8 29.8 39.0 38.0 39.0
03/11/2014 14:13:26 27.8 29.8 39.0 38.0 39.0
03/11/2014 14:13:27 27.8 29.8 40.0 38.0 40.0
03/11/2014 14:13:27 27.8 29.8 40.0 38.0 40.0
03/11/2014 14:13:28 27.8 29.8 40.0 39.0 40.0
03/11/2014 14:13:28 27.8 29.8 40.0 39.0 40.0
03/11/2014 14:13:29 27.8 29.8 41.0 39.0 41.0
03/11/2014 14:13:29 27.8 29.8 41.0 39.0 41.0
03/11/2014 14:13:30 27.8 29.8 40.0 38.0 40.0
03/11/2014 14:13:30 27.8 29.8 40.0 38.0 40.0
03/11/2014 14:13:31 27.8 29.8 41.0 41.0 37.0
03/11/2014 14:13:31 27.8 29.8 41.0 41.0 37.0
03/11/2014 14:13:32 27.8 29.8 41.0 41.0 38.0
03/11/2014 14:13:32 27.8 29.8 41.0 41.0 38.0
03/11/2014 14:13:33 27.8 29.8 42.0 42.0 37.0
03/11/2014 14:13:33 27.8 29.8 42.0 42.0 37.0
03/11/2014 14:13:34 27.8 29.8 41.0 41.0 37.0
03/11/2014 14:13:34 27.8 29.8 41.0 41.0 37.0
03/11/2014 14:13:35 27.8 29.8 42.0 41.0 38.0
03/11/2014 14:13:35 27.8 29.8 42.0 41.0 38.0
03/11/2014 14:13:36 27.8 29.8 42.0 42.0 38.0
03/11/2014 14:13:36 27.8 29.8 42.0 42.0 38.0
03/11/2014 14:13:37 27.8 29.8 42.0 42.0 38.0
03/11/2014 14:13:37 27.8 29.8 42.0 42.0 38.0
03/11/2014 14:13:38 27.8 29.8 43.0 42.0 38.0
03/11/2014 14:13:38 27.8 29.8 43.0 42.0 38.0
03/11/2014 14:13:39 27.8 29.8 42.0 42.0 38.0
03/11/2014 14:13:40 27.8 29.8 42.0 42.0 38.0
03/11/2014 14:13:40 27.8 29.8 43.0 43.0 38.0
03/11/2014 14:13:41 27.8 29.8 43.0 43.0 38.0
03/11/2014 14:13:41 27.8 29.8 41.0 41.0 37.0
03/11/2014 14:13:42 27.8 29.8 41.0 41.0 37.0
03/11/2014 14:13:42 27.8 29.8 42.0 42.0 38.0
03/11/2014 14:13:43 27.8 29.8 42.0 42.0 38.0
03/11/2014 14:13:43 27.8 29.8 42.0 42.0 38.0
03/11/2014 14:13:44 27.8 29.8 42.0 42.0 38.0
03/11/2014 14:13:44 27.8 29.8 43.0 42.0 38.0
03/11/2014 14:13:45 27.8 29.8 43.0 42.0 38.0
03/11/2014 14:13:45 27.8 29.8 42.0 41.0 38.0
03/11/2014 14:13:46 27.8 29.8 42.0 41.0 38.0
03/11/2014 14:13:46 27.8 29.8 42.0 42.0 38.0
03/11/2014 14:13:47 27.8 29.8 42.0 42.0 38.0
03/11/2014 14:13:47 27.8 29.8 43.0 43.0 38.0
03/11/2014 14:13:48 27.8 29.8 43.0 43.0 38.0
03/11/2014 14:13:48 27.8 29.8 42.0 42.0 38.0
03/11/2014 14:13:49 27.8 29.8 42.0 42.0 38.0
03/11/2014 14:13:49 27.8 29.8 42.0 42.0 36.0
03/11/2014 14:13:50 27.8 29.8 42.0 42.0 36.0
03/11/2014 14:13:50 27.8 29.8 42.0 42.0 38.0
03/11/2014 14:13:51 27.8 29.8 42.0 42.0 38.0
03/11/2014 14:13:51 27.8 29.8 42.0 42.0 38.0
03/11/2014 14:13:52 27.8 29.8 42.0 42.0 38.0
03/11/2014 14:13:52 27.8 29.8 42.0 42.0 39.0
03/11/2014 14:13:53 27.8 29.8 42.0 42.0 39.0
03/11/2014 14:13:53 27.8 29.8 43.0 43.0 39.0
03/11/2014 14:13:54 27.8 29.8 43.0 43.0 39.0
03/11/2014 14:13:54 27.8 29.8 43.0 43.0 39.0
03/11/2014 14:13:55 27.8 29.8 43.0 43.0 39.0
03/11/2014 14:13:55 27.8 29.8 42.0 43.0 39.0
03/11/2014 14:13:56 27.8 29.8 42.0 43.0 39.0
03/11/2014 14:13:56 27.8 29.8 42.0 42.0 37.0
03/11/2014 14:13:57 27.8 29.8 42.0 42.0 37.0
03/11/2014 14:13:57 27.8 29.8 43.0 43.0 39.0
03/11/2014 14:13:58 27.8 29.8 43.0 43.0 39.0
03/11/2014 14:13:59 27.8 29.8 42.0 42.0 39.0
03/11/2014 14:13:59 27.8 29.8 42.0 42.0 39.0
03/11/2014 14:14:00 27.8 29.8 41.0 38.0 41.0
03/11/2014 14:14:00 27.8 29.8 41.0 38.0 41.0
03/11/2014 14:14:01 27.8 29.8 40.0 39.0 41.0
03/11/2014 14:14:01 27.8 29.8 40.0 39.0 41.0
03/11/2014 14:14:02 27.8 29.8 41.0 38.0 40.0
03/11/2014 14:14:02 27.8 29.8 41.0 38.0 40.0
03/11/2014 14:14:03 27.8 29.8 41.0 39.0 40.0
03/11/2014 14:14:03 27.8 29.8 41.0 39.0 40.0
03/11/2014 14:14:04 27.8 29.8 40.0 39.0 40.0
03/11/2014 14:14:04 27.8 29.8 40.0 39.0 40.0
03/11/2014 14:14:05 27.8 29.8 41.0 38.0 41.0
03/11/2014 14:14:05 27.8 29.8 41.0 38.0 41.0
03/11/2014 14:14:06 27.8 29.8 41.0 40.0 41.0
03/11/2014 14:14:06 27.8 29.8 41.0 40.0 41.0
03/11/2014 14:14:07 27.8 29.8 42.0 39.0 42.0
03/11/2014 14:14:07 27.8 29.8 42.0 39.0 42.0
03/11/2014 14:14:08 27.8 29.8 41.0 39.0 41.0
03/11/2014 14:14:08 27.8 29.8 41.0 39.0 41.0
03/11/2014 14:14:09 27.8 29.8 40.0 39.0 40.0
03/11/2014 14:14:09 27.8 29.8 40.0 39.0 40.0
03/11/2014 14:14:10 27.8 29.8 41.0 39.0 40.0
03/11/2014 14:14:10 27.8 29.8 41.0 39.0 40.0
03/11/2014 14:14:11 27.8 29.8 40.0 39.0 40.0
03/11/2014 14:14:11 27.8 29.8 40.0 39.0 40.0
03/11/2014 14:14:12 27.8 29.8 40.0 40.0 40.0
03/11/2014 14:14:12 27.8 29.8 40.0 40.0 40.0
03/11/2014 14:14:13 27.8 29.8 40.0 39.0 40.0
03/11/2014 14:14:13 27.8 29.8 40.0 39.0 40.0
03/11/2014 14:14:14 27.8 29.8 40.0 39.0 40.0
03/11/2014 14:14:14 27.8 29.8 40.0 39.0 40.0
03/11/2014 14:14:15 27.8 29.8 40.0 39.0 40.0
03/11/2014 14:14:15 27.8 29.8 40.0 39.0 40.0
03/11/2014 14:14:16 27.8 29.8 42.0 38.0 42.0
03/11/2014 14:14:16 27.8 29.8 42.0 38.0 42.0
03/11/2014 14:14:17 27.8 29.8 41.0 40.0 41.0
03/11/2014 14:14:18 27.8 29.8 41.0 40.0 41.0
03/11/2014 14:14:18 27.8 29.8 41.0 39.0 41.0
03/11/2014 14:14:19 27.8 29.8 41.0 39.0 41.0
03/11/2014 14:14:19 27.8 29.8 41.0 38.0 41.0
03/11/2014 14:14:20 27.8 29.8 41.0 38.0 41.0
03/11/2014 14:14:20 27.8 29.8 40.0 40.0 40.0
03/11/2014 14:14:21 27.8 29.8 40.0 40.0 40.0
03/11/2014 14:14:21 27.8 29.8 41.0 39.0 41.0
03/11/2014 14:14:22 27.8 29.8 41.0 39.0 41.0
03/11/2014 14:14:22 27.8 29.8 41.0 41.0 41.0
03/11/2014 14:14:23 27.8 29.8 41.0 41.0 41.0
03/11/2014 14:14:23 27.8 29.8 41.0 40.0 41.0
03/11/2014 14:14:24 27.8 29.8 41.0 40.0 41.0
03/11/2014 14:14:24 27.8 29.8 40.0 39.0 40.0
03/11/2014 14:14:25 27.8 29.8 40.0 39.0 40.0
03/11/2014 14:14:25 27.8 29.8 43.0 43.0 39.0
03/11/2014 14:14:26 27.8 29.8 43.0 43.0 39.0
03/11/2014 14:14:26 27.8 29.8 40.0 39.0 40.0
03/11/2014 14:14:27 27.8 29.8 40.0 39.0 40.0
03/11/2014 14:14:27 27.8 29.8 41.0 39.0 41.0
03/11/2014 14:14:28 27.8 29.8 41.0 39.0 41.0
03/11/2014 14:14:28 27.8 29.8 41.0 39.0 41.0
03/11/2014 14:14:29 27.8 29.8 41.0 39.0 41.0
03/11/2014 14:14:29 27.8 29.8 41.0 40.0 41.0
03/11/2014 14:14:30 27.8 29.8 41.0 40.0 41.0
03/11/2014 14:14:30 27.8 29.8 41.0 41.0 41.0
03/11/2014 14:14:31 27.8 29.8 41.0 41.0 41.0
03/11/2014 14:14:31 27.8 29.8 41.0 40.0 41.0
03/11/2014 14:14:32 27.8 29.8 41.0 40.0 41.0
03/11/2014 14:14:32 27.8 29.8 42.0 40.0 42.0
03/11/2014 14:14:33 27.8 29.8 42.0 40.0 42.0
03/11/2014 14:14:33 27.8 29.8 41.0 40.0 41.0
03/11/2014 14:14:34 27.8 29.8 41.0 40.0 41.0
03/11/2014 14:14:34 27.8 29.8 41.0 41.0 40.0
03/11/2014 14:14:35 27.8 29.8 41.0 41.0 40.0
03/11/2014 14:14:35 27.8 29.8 41.0 39.0 42.0
03/11/2014 14:14:36 27.8 29.8 41.0 39.0 42.0
03/11/2014 14:14:37 27.8 29.8 41.0 40.0 41.0
03/11/2014 14:14:37 27.8 29.8 41.0 40.0 41.0
03/11/2014 14:14:38 27.8 29.8 41.0 40.0 42.0
03/11/2014 14:14:38 27.8 29.8 41.0 40.0 42.0
03/11/2014 14:14:39 27.8 29.8 41.0 40.0 41.0
03/11/2014 14:14:39 27.8 29.8 41.0 40.0 41.0
03/11/2014 14:14:40 27.8 29.8 41.0 40.0 41.0
03/11/2014 14:14:40 27.8 29.8 41.0 40.0 41.0
03/11/2014 14:14:41 27.8 29.8 41.0 40.0 41.0
03/11/2014 14:14:41 27.8 29.8 41.0 40.0 41.0
03/11/2014 14:14:42 27.8 29.8 42.0 41.0 41.0
03/11/2014 14:14:42 27.8 29.8 42.0 41.0 41.0
03/11/2014 14:14:43 27.8 29.8 41.0 40.0 41.0
03/11/2014 14:14:43 27.8 29.8 41.0 40.0 41.0
03/11/2014 14:14:44 27.8 29.8 41.0 41.0 41.0
03/11/2014 14:14:44 27.8 29.8 41.0 41.0 41.0
03/11/2014 14:14:45 27.8 29.8 41.0 41.0 41.0
03/11/2014 14:14:45 27.8 29.8 41.0 41.0 41.0
03/11/2014 14:14:46 27.8 29.8 41.0 40.0 41.0
03/11/2014 14:14:46 27.8 29.8 41.0 40.0 41.0
03/11/2014 14:14:47 27.8 29.8 41.0 39.0 41.0
03/11/2014 14:14:47 27.8 29.8 41.0 39.0 41.0
03/11/2014 14:14:48 27.8 29.8 42.0 42.0 41.0
03/11/2014 14:14:48 27.8 29.8 42.0 42.0 41.0
03/11/2014 14:14:49 27.8 29.8 42.0 40.0 42.0
03/11/2014 14:14:49 27.8 29.8 42.0 40.0 42.0
03/11/2014 14:14:50 27.8 29.8 41.0 40.0 41.0
03/11/2014 14:14:50 27.8 29.8 41.0 40.0 41.0
03/11/2014 14:14:51 27.8 29.8 41.0 41.0 41.0
03/11/2014 14:14:51 27.8 29.8 41.0 41.0 41.0
03/11/2014 14:14:52 27.8 29.8 41.0 40.0 41.0
03/11/2014 14:14:52 27.8 29.8 41.0 40.0 41.0
03/11/2014 14:14:53 27.8 29.8 41.0 39.0 40.0
03/11/2014 14:14:53 27.8 29.8 41.0 39.0 40.0
03/11/2014 14:14:54 27.8 29.8 42.0 40.0 41.0
03/11/2014 14:14:54 27.8 29.8 42.0 40.0 41.0
03/11/2014 14:14:55 27.8 29.8 41.0 40.0 41.0
03/11/2014 14:14:55 27.8 29.8 41.0 40.0 41.0
03/11/2014 14:14:56 27.8 29.8 42.0 40.0 42.0
03/11/2014 14:14:57 27.8 29.8 42.0 40.0 42.0
03/11/2014 14:14:57 27.8 29.8 41.0 40.0 41.0
03/11/2014 14:14:58 27.8 29.8 41.0 40.0 41.0
03/11/2014 14:14:58 27.8 29.8 41.0 38.0 41.0
03/11/2014 14:14:59 27.8 29.8 41.0 38.0 41.0
03/11/2014 14:14:59 27.8 29.8 41.0 40.0 41.0
03/11/2014 14:15:00 27.8 29.8 41.0 40.0 41.0
03/11/2014 14:15:00 27.8 29.8 43.0 43.0 38.0
03/11/2014 14:15:01 27.8 29.8 43.0 43.0 38.0
03/11/2014 14:15:01 27.8 29.8 43.0 43.0 39.0
03/11/2014 14:15:02 27.8 29.8 43.0 43.0 39.0
03/11/2014 14:15:02 27.8 29.8 42.0 42.0 38.0
03/11/2014 14:15:03 27.8 29.8 42.0 42.0 38.0
03/11/2014 14:15:03 27.8 29.8 43.0 43.0 39.0
03/11/2014 14:15:04 27.8 29.8 43.0 43.0 39.0
03/11/2014 14:15:04 27.8 29.8 43.0 43.0 39.0
03/11/2014 14:15:05 27.8 29.8 43.0 43.0 39.0
03/11/2014 14:15:05 27.8 29.8 43.0 43.0 39.0
03/11/2014 14:15:06 27.8 29.8 43.0 43.0 39.0
03/11/2014 14:15:06 27.8 29.8 42.0 41.0 39.0
03/11/2014 14:15:07 27.8 29.8 42.0 41.0 39.0
03/11/2014 14:15:07 27.8 29.8 43.0 43.0 39.0
03/11/2014 14:15:08 27.8 29.8 43.0 43.0 39.0
03/11/2014 14:15:08 27.8 29.8 43.0 43.0 38.0
03/11/2014 14:15:09 27.8 29.8 43.0 43.0 38.0
03/11/2014 14:15:09 27.8 29.8 43.0 43.0 39.0
03/11/2014 14:15:10 27.8 29.8 43.0 43.0 39.0
03/11/2014 14:15:10 27.8 29.8 42.0 42.0 39.0
03/11/2014 14:15:11 27.8 29.8 42.0 42.0 39.0
03/11/2014 14:15:11 27.8 29.8 44.0 44.0 39.0
03/11/2014 14:15:12 27.8 29.8 44.0 44.0 39.0
03/11/2014 14:15:12 27.8 29.8 42.0 42.0 39.0
03/11/2014 14:15:13 27.8 29.8 42.0 42.0 39.0
03/11/2014 14:15:13 27.8 29.8 42.0 42.0 39.0
03/11/2014 14:15:14 27.8 29.8 42.0 42.0 39.0
03/11/2014 14:15:14 27.8 29.8 43.0 43.0 39.0
03/11/2014 14:15:15 27.8 29.8 43.0 43.0 39.0
03/11/2014 14:15:16 27.8 29.8 43.0 43.0 39.0
03/11/2014 14:15:16 27.8 29.8 43.0 43.0 39.0
03/11/2014 14:15:17 27.8 29.8 43.0 42.0 39.0
03/11/2014 14:15:17 27.8 29.8 43.0 42.0 39.0
03/11/2014 14:15:18 27.8 29.8 43.0 43.0 38.0
03/11/2014 14:15:18 27.8 29.8 43.0 43.0 38.0
03/11/2014 14:15:19 27.8 29.8 41.0 41.0 41.0
03/11/2014 14:15:19 27.8 29.8 41.0 41.0 41.0
03/11/2014 14:15:20 27.8 29.8 42.0 40.0 41.0
03/11/2014 14:15:20 27.8 29.8 42.0 40.0 41.0
03/11/2014 14:15:21 27.8 29.8 41.0 41.0 40.0
03/11/2014 14:15:21 27.8 29.8 41.0 41.0 40.0
03/11/2014 14:15:22 27.8 29.8 41.0 39.0 41.0
03/11/2014 14:15:22 27.8 29.8 41.0 39.0 41.0
03/11/2014 14:15:23 27.8 29.8 41.0 40.0 41.0
03/11/2014 14:15:23 27.8 29.8 41.0 40.0 41.0
03/11/2014 14:15:24 27.8 29.8 41.0 40.0 40.0
03/11/2014 14:15:24 27.8 29.8 41.0 40.0 40.0
03/11/2014 14:15:25 27.8 29.8 43.0 43.0 39.0
03/11/2014 14:15:25 27.8 29.8 43.0 43.0 39.0
03/11/2014 14:15:26 27.8 29.8 43.0 43.0 39.0
03/11/2014 14:15:26 27.8 29.8 43.0 43.0 39.0
03/11/2014 14:15:27 27.8 29.8 43.0 43.0 39.0
03/11/2014 14:15:27 27.8 29.8 43.0 43.0 39.0
03/11/2014 14:15:28 27.8 29.8 43.0 43.0 39.0
03/11/2014 14:15:28 27.8 29.8 43.0 43.0 39.0
03/11/2014 14:15:29 27.8 29.8 43.0 43.0 39.0
03/11/2014 14:15:29 27.8 29.8 43.0 43.0 39.0
03/11/2014 14:15:30 27.8 29.8 43.0 42.0 39.0
03/11/2014 14:15:30 27.8 29.8 43.0 42.0 39.0
03/11/2014 14:15:31 27.8 29.8 43.0 43.0 38.0
03/11/2014 14:15:31 27.8 29.8 43.0 43.0 38.0
03/11/2014 14:15:32 27.8 29.8 42.0 42.0 39.0
03/11/2014 14:15:32 27.8 29.8 42.0 42.0 39.0
03/11/2014 14:15:33 27.8 29.8 43.0 43.0 39.0
03/11/2014 14:15:34 27.8 29.8 43.0 43.0 39.0
03/11/2014 14:15:34 27.8 29.8 42.0 42.0 39.0
03/11/2014 14:15:35 27.8 29.8 42.0 42.0 39.0
03/11/2014 14:15:35 27.8 29.8 43.0 43.0 39.0
03/11/2014 14:15:36 27.8 29.8 43.0 43.0 39.0
03/11/2014 14:15:36 27.8 29.8 43.0 43.0 39.0
03/11/2014 14:15:37 27.8 29.8 43.0 43.0 39.0
03/11/2014 14:15:37 27.8 29.8 42.0 42.0 39.0
03/11/2014 14:15:38 27.8 29.8 42.0 42.0 39.0
03/11/2014 14:15:38 27.8 29.8 43.0 43.0 39.0
03/11/2014 14:15:39 27.8 29.8 43.0 43.0 39.0
03/11/2014 14:15:39 27.8 29.8 43.0 43.0 39.0
03/11/2014 14:15:40 27.8 29.8 43.0 43.0 39.0
03/11/2014 14:15:40 27.8 29.8 43.0 43.0 39.0
03/11/2014 14:15:41 27.8 29.8 43.0 43.0 39.0
03/11/2014 14:15:41 27.8 29.8 43.0 43.0 39.0
03/11/2014 14:15:42 27.8 29.8 43.0 43.0 39.0
03/11/2014 14:15:42 27.8 29.8 44.0 44.0 38.0
03/11/2014 14:15:43 27.8 29.8 44.0 44.0 38.0
03/11/2014 14:15:43 27.8 29.8 44.0 44.0 39.0
03/11/2014 14:15:44 27.8 29.8 44.0 44.0 39.0
03/11/2014 14:15:44 27.8 29.8 43.0 43.0 39.0
03/11/2014 14:15:45 27.8 29.8 43.0 43.0 39.0
03/11/2014 14:15:45 27.8 29.8 43.0 43.0 38.0
03/11/2014 14:15:46 27.8 29.8 43.0 43.0 38.0
03/11/2014 14:15:46 27.8 29.8 43.0 43.0 38.0
03/11/2014 14:15:47 27.8 29.8 43.0 43.0 38.0
03/11/2014 14:15:47 27.8 29.8 43.0 43.0 40.0
03/11/2014 14:15:48 27.8 29.8 43.0 43.0 40.0
03/11/2014 14:15:48 27.8 29.8 44.0 44.0 38.0
03/11/2014 14:15:49 27.8 29.8 44.0 44.0 38.0
03/11/2014 14:15:49 27.8 29.8 42.0 41.0 41.0
03/11/2014 14:15:50 27.8 29.8 42.0 41.0 41.0
03/11/2014 14:15:50 27.8 29.8 42.0 41.0 41.0
03/11/2014 14:15:51 27.8 29.8 42.0 41.0 41.0
03/11/2014 14:15:51 27.8 29.8 40.0 40.0 40.0
03/11/2014 14:15:52 27.8 29.8 40.0 40.0 40.0
03/11/2014 14:15:53 27.8 29.8 41.0 41.0 41.0
03/11/2014 14:15:53 27.8 29.8 41.0 41.0 41.0
03/11/2014 14:15:54 27.8 29.8 40.0 40.0 40.0
03/11/2014 14:15:54 27.8 29.8 40.0 40.0 40.0
03/11/2014 14:15:55 27.8 29.8 41.0 41.0 41.0
03/11/2014 14:15:55 27.8 29.8 41.0 41.0 41.0
03/11/2014 14:15:56 27.8 29.8 41.0 41.0 41.0
03/11/2014 14:15:56 27.8 29.8 41.0 41.0 41.0
03/11/2014 14:15:57 27.8 29.8 41.0 39.0 41.0
03/11/2014 14:15:57 27.8 29.8 41.0 39.0 41.0
03/11/2014 14:15:58 27.8 29.8 42.0 40.0 42.0
03/11/2014 14:15:58 27.8 29.8 42.0 40.0 42.0
03/11/2014 14:15:59 27.8 29.8 41.0 40.0 41.0
03/11/2014 14:15:59 27.8 29.8 41.0 40.0 41.0
03/11/2014 14:16:00 27.8 29.8 41.0 40.0 41.0
03/11/2014 14:16:00 27.8 29.8 41.0 40.0 41.0
03/11/2014 14:16:01 27.8 29.8 41.0 40.0 41.0
03/11/2014 14:16:01 27.8 29.8 41.0 40.0 41.0
03/11/2014 14:16:02 27.8 29.8 41.0 41.0 40.0
03/11/2014 14:16:02 27.8 29.8 41.0 41.0 40.0
03/11/2014 14:16:03 27.8 29.8 41.0 41.0 40.0
03/11/2014 14:16:03 27.8 29.8 41.0 41.0 40.0
03/11/2014 14:16:04 27.8 29.8 41.0 39.0 41.0
03/11/2014 14:16:04 27.8 29.8 41.0 39.0 41.0
03/11/2014 14:16:05 27.8 29.8 40.0 40.0 40.0
03/11/2014 14:16:05 27.8 29.8 40.0 40.0 40.0
03/11/2014 14:16:06 27.8 29.8 41.0 40.0 41.0
03/11/2014 14:16:06 27.8 29.8 41.0 40.0 41.0
03/11/2014 14:16:07 27.8 29.8 41.0 40.0 41.0
03/11/2014 14:16:07 27.8 29.8 41.0 40.0 41.0
03/11/2014 14:16:08 27.8 29.8 41.0 39.0 41.0
03/11/2014 14:16:08 27.8 29.8 41.0 39.0 41.0
03/11/2014 14:16:09 27.8 29.8 41.0 39.0 41.0
03/11/2014 14:16:09 27.8 29.8 41.0 39.0 41.0
03/11/2014 14:16:10 27.8 29.8 41.0 40.0 41.0
03/11/2014 14:16:10 27.8 29.8 41.0 40.0 41.0
03/11/2014 14:16:11 27.8 29.8 41.0 41.0 41.0
03/11/2014 14:16:11 27.8 29.8 41.0 41.0 41.0
03/11/2014 14:16:12 27.8 29.8 41.0 40.0 41.0
03/11/2014 14:16:13 27.8 29.8 41.0 40.0 41.0
03/11/2014 14:16:13 27.8 29.8 41.0 40.0 41.0
03/11/2014 14:16:14 27.8 29.8 41.0 40.0 41.0
03/11/2014 14:16:14 27.8 29.8 42.0 39.0 42.0
03/11/2014 14:16:15 27.8 29.8 42.0 39.0 42.0
03/11/2014 14:16:15 27.8 29.8 41.0 40.0 41.0
03/11/2014 14:16:16 27.8 29.8 41.0 40.0 41.0
03/11/2014 14:16:16 27.8 29.8 41.0 39.0 41.0
03/11/2014 14:16:17 27.8 29.8 41.0 39.0 41.0
03/11/2014 14:16:17 27.8 29.8 41.0 40.0 41.0
03/11/2014 14:16:18 27.8 29.8 41.0 40.0 41.0
03/11/2014 14:16:18 27.8 29.8 42.0 40.0 41.0
03/11/2014 14:16:19 27.8 29.8 42.0 40.0 41.0
03/11/2014 14:16:19 27.8 29.8 41.0 39.0 41.0
03/11/2014 14:16:20 27.8 29.8 41.0 39.0 41.0
03/11/2014 14:16:20 27.8 29.8 42.0 40.0 42.0
03/11/2014 14:16:21 27.8 29.8 42.0 40.0 42.0
03/11/2014 14:16:21 27.8 29.8 40.0 40.0 40.0
03/11/2014 14:16:22 27.8 29.8 40.0 40.0 40.0
03/11/2014 14:16:22 27.8 29.8 40.0 40.0 40.0
03/11/2014 14:16:23 27.8 29.8 40.0 40.0 40.0
03/11/2014 14:16:23 27.8 29.8 41.0 39.0 40.0
03/11/2014 14:16:24 27.8 29.8 41.0 39.0 40.0
03/11/2014 14:16:24 27.8 29.8 41.0 40.0 41.0
03/11/2014 14:16:25 27.8 29.8 41.0 40.0 41.0
03/11/2014 14:16:25 27.8 29.8 41.0 41.0 41.0
03/11/2014 14:16:26 27.8 29.8 41.0 41.0 41.0
03/11/2014 14:16:26 27.8 29.8 41.0 39.0 41.0
03/11/2014 14:16:27 27.8 29.8 41.0 39.0 41.0
03/11/2014 14:16:27 27.8 29.8 41.0 39.0 41.0
03/11/2014 14:16:28 27.8 29.8 41.0 39.0 41.0
03/11/2014 14:16:28 27.8 29.8 41.0 40.0 41.0
03/11/2014 14:16:29 27.8 29.8 41.0 40.0 41.0
03/11/2014 14:16:29 27.8 29.8 41.0 41.0 41.0
03/11/2014 14:16:30 27.8 29.8 41.0 41.0 41.0
03/11/2014 14:16:30 27.8 29.8 41.0 39.0 42.0
03/11/2014 14:16:31 27.8 29.8 41.0 39.0 42.0
03/11/2014 14:16:32 27.8 29.8 41.0 39.0 41.0
03/11/2014 14:16:32 27.8 29.8 41.0 39.0 41.0
03/11/2014 14:16:33 27.8 29.8 41.0 39.0 41.0
03/11/2014 14:16:33 27.8 29.8 41.0 39.0 41.0
03/11/2014 14:16:34 27.8 29.8 43.0 43.0 38.0
03/11/2014 14:16:34 27.8 29.8 43.0 43.0 38.0
03/11/2014 14:16:35 27.8 29.8 43.0 43.0 39.0
03/11/2014 14:16:35 27.8 29.8 43.0 43.0 39.0
03/11/2014 14:16:36 27.8 29.8 44.0 44.0 39.0
03/11/2014 14:16:36 27.8 29.8 44.0 44.0 39.0
03/11/2014 14:16:37 27.8 29.8 43.0 43.0 39.0
03/11/2014 14:16:37 27.8 29.8 43.0 43.0 39.0
03/11/2014 14:16:38 27.8 29.8 43.0 43.0 39.0
03/11/2014 14:16:38 27.8 29.8 43.0 43.0 39.0
03/11/2014 14:16:39 27.8 29.8 41.0 40.0 41.0
03/11/2014 14:16:39 27.8 29.8 41.0 40.0 41.0
03/11/2014 14:16:40 27.8 29.8 41.0 40.0 41.0
03/11/2014 14:16:40 27.8 29.8 41.0 40.0 41.0
03/11/2014 14:16:41 27.8 29.8 41.0 40.0 41.0
03/11/2014 14:16:41 27.8 29.8 41.0 40.0 41.0
03/11/2014 14:16:42 27.8 29.8 41.0 40.0 41.0
03/11/2014 14:16:42 27.8 29.8 41.0 40.0 41.0
03/11/2014 14:16:43 27.8 29.8 41.0 40.0 41.0
03/11/2014 14:16:43 27.8 29.8 41.0 40.0 41.0
03/11/2014 14:16:44 27.8 29.8 41.0 40.0 42.0
03/11/2014 14:16:44 27.8 29.8 41.0 40.0 42.0
03/11/2014 14:16:45 27.8 29.8 41.0 40.0 41.0
03/11/2014 14:16:45 27.8 29.8 41.0 40.0 41.0
03/11/2014 14:16:46 27.8 29.8 41.0 40.0 41.0
03/11/2014 14:16:46 27.8 29.8 41.0 40.0 41.0
03/11/2014 14:16:47 27.8 29.8 41.0 39.0 42.0
03/11/2014 14:16:47 27.8 29.8 41.0 39.0 42.0
03/11/2014 14:16:48 27.8 29.8 42.0 39.0 42.0
03/11/2014 14:16:48 27.8 29.8 42.0 39.0 42.0
03/11/2014 14:16:49 27.8 29.8 42.0 40.0 42.0
03/11/2014 14:16:49 27.8 29.8 42.0 40.0 42.0
03/11/2014 14:16:50 27.8 29.8 41.0 40.0 41.0
03/11/2014 14:16:51 27.8 29.8 41.0 40.0 41.0
03/11/2014 14:16:51 27.8 29.8 41.0 40.0 41.0
03/11/2014 14:16:52 27.8 29.8 41.0 40.0 41.0
03/11/2014 14:16:52 27.8 29.8 42.0 41.0 42.0
03/11/2014 14:16:53 27.8 29.8 42.0 41.0 42.0
03/11/2014 14:16:53 27.8 29.8 42.0 40.0 42.0
03/11/2014 14:16:54 27.8 29.8 42.0 40.0 42.0
03/11/2014 14:16:54 27.8 29.8 41.0 39.0 41.0
03/11/2014 14:16:55 27.8 29.8 41.0 39.0 41.0
03/11/2014 14:16:55 27.8 29.8 41.0 40.0 41.0
03/11/2014 14:16:56 27.8 29.8 41.0 40.0 41.0
03/11/2014 14:16:56 27.8 29.8 43.0 40.0 43.0
03/11/2014 14:16:57 27.8 29.8 43.0 40.0 43.0
03/11/2014 14:16:57 27.8 29.8 41.0 39.0 41.0
03/11/2014 14:16:58 27.8 29.8 41.0 39.0 41.0
03/11/2014 14:16:58 27.8 29.8 42.0 40.0 42.0
03/11/2014 14:16:59 27.8 29.8 42.0 40.0 42.0
03/11/2014 14:16:59 27.8 29.8 42.0 40.0 42.0
03/11/2014 14:17:00 27.8 29.8 42.0 40.0 42.0
03/11/2014 14:17:00 27.8 29.8 42.0 40.0 42.0
03/11/2014 14:17:01 27.8 29.8 42.0 40.0 42.0
03/11/2014 14:17:01 27.8 29.8 41.0 40.0 41.0
03/11/2014 14:17:02 27.8 29.8 41.0 40.0 41.0
03/11/2014 14:17:02 27.8 29.8 41.0 39.0 41.0
03/11/2014 14:17:03 27.8 29.8 41.0 39.0 41.0
03/11/2014 14:17:03 27.8 29.8 41.0 40.0 42.0
03/11/2014 14:17:04 27.8 29.8 41.0 40.0 42.0
03/11/2014 14:17:04 27.8 29.8 42.0 39.0 42.0
03/11/2014 14:17:05 27.8 29.8 42.0 39.0 42.0
03/11/2014 14:17:05 27.8 29.8 41.0 40.0 41.0
03/11/2014 14:17:06 27.8 29.8 41.0 40.0 41.0
03/11/2014 14:17:06 27.8 29.8 42.0 40.0 42.0
03/11/2014 14:17:07 27.8 29.8 42.0 40.0 42.0
03/11/2014 14:17:07 27.8 29.8 41.0 39.0 41.0
03/11/2014 14:17:08 27.8 29.8 41.0 39.0 41.0
03/11/2014 14:17:08 27.8 29.8 42.0 39.0 42.0
03/11/2014 14:17:09 27.8 29.8 42.0 39.0 42.0
03/11/2014 14:17:09 27.8 29.8 42.0 40.0 42.0
03/11/2014 14:17:10 27.8 29.8 42.0 40.0 42.0
03/11/2014 14:17:11 27.8 29.8 41.0 39.0 41.0
03/11/2014 14:17:11 27.8 29.8 41.0 39.0 41.0
03/11/2014 14:17:12 27.8 29.8 41.0 39.0 41.0
03/11/2014 14:17:12 27.8 29.8 41.0 39.0 41.0
03/11/2014 14:17:13 27.8 29.8 42.0 39.0 42.0
03/11/2014 14:17:13 27.8 29.8 42.0 39.0 42.0
03/11/2014 14:17:14 27.8 29.8 42.0 40.0 42.0
03/11/2014 14:17:14 27.8 29.8 42.0 40.0 42.0
03/11/2014 14:17:15 27.8 29.8 41.0 40.0 40.0
03/11/2014 14:17:15 27.8 29.8 41.0 40.0 40.0
03/11/2014 14:17:16 27.8 29.8 41.0 39.0 41.0
03/11/2014 14:17:16 27.8 29.8 41.0 39.0 41.0
03/11/2014 14:17:17 27.8 29.8 41.0 40.0 41.0
03/11/2014 14:17:17 27.8 29.8 41.0 40.0 41.0
03/11/2014 14:17:18 27.8 29.8 42.0 39.0 42.0
03/11/2014 14:17:18 27.8 29.8 42.0 39.0 42.0
03/11/2014 14:17:19 27.8 29.8 41.0 39.0 41.0
03/11/2014 14:17:19 27.8 29.8 41.0 39.0 41.0
03/11/2014 14:17:20 27.8 29.8 41.0 40.0 41.0
03/11/2014 14:17:20 27.8 29.8 41.0 40.0 41.0
03/11/2014 14:17:21 27.8 29.8 40.0 39.0 40.0
03/11/2014 14:17:21 27.8 29.8 40.0 39.0 40.0
03/11/2014 14:17:22 27.8 29.8 41.0 40.0 41.0
03/11/2014 14:17:22 27.8 29.8 41.0 40.0 41.0
03/11/2014 14:17:23 27.8 29.8 41.0 39.0 40.0
03/11/2014 14:17:23 27.8 29.8 41.0 39.0 40.0
03/11/2014 14:17:24 27.8 29.8 42.0 39.0 41.0
03/11/2014 14:17:24 27.8 29.8 42.0 39.0 41.0
03/11/2014 14:17:25 27.8 29.8 41.0 39.0 40.0
03/11/2014 14:17:25 27.8 29.8 41.0 39.0 40.0
03/11/2014 14:17:26 27.8 29.8 41.0 40.0 41.0
03/11/2014 14:17:26 27.8 29.8 41.0 40.0 41.0
03/11/2014 14:17:27 27.8 29.8 41.0 40.0 41.0
03/11/2014 14:17:27 27.8 29.8 41.0 40.0 41.0
03/11/2014 14:17:28 27.8 29.8 42.0 39.0 42.0
03/11/2014 14:17:28 27.8 29.8 42.0 39.0 42.0
03/11/2014 14:17:29 27.8 29.8 42.0 39.0 41.0
03/11/2014 14:17:29 27.8 29.8 42.0 39.0 41.0
03/11/2014 14:17:30 27.8 29.8 42.0 39.0 42.0
03/11/2014 14:17:31 27.8 29.8 42.0 39.0 42.0
03/11/2014 14:17:31 27.8 29.8 41.0 39.0 41.0
03/11/2014 14:17:32 27.8 29.8 41.0 39.0 41.0
03/11/2014 14:17:32 27.8 29.8 42.0 39.0 42.0
03/11/2014 14:17:33 27.8 29.8 42.0 39.0 42.0
03/11/2014 14:17:33 27.8 29.8 41.0 40.0 41.0
03/11/2014 14:17:34 27.8 29.8 41.0 40.0 41.0
03/11/2014 14:17:34 27.8 29.8 41.0 39.0 41.0
03/11/2014 14:17:35 27.8 29.8 41.0 39.0 41.0
03/11/2014 14:17:35 27.8 29.8 42.0 39.0 42.0
03/11/2014 14:17:36 27.8 29.8 42.0 39.0 42.0
03/11/2014 14:17:36 27.8 29.8 42.0 39.0 42.0
03/11/2014 14:17:37 27.8 29.8 42.0 39.0 42.0
03/11/2014 14:17:37 27.8 29.8 42.0 39.0 41.0
03/11/2014 14:17:38 27.8 29.8 42.0 39.0 41.0
03/11/2014 14:17:38 27.8 29.8 41.0 39.0 41.0
03/11/2014 14:17:39 27.8 29.8 41.0 39.0 41.0
03/11/2014 14:17:39 27.8 29.8 40.0 39.0 40.0
03/11/2014 14:17:40 27.8 29.8 40.0 39.0 40.0
03/11/2014 14:17:40 27.8 29.8 41.0 39.0 41.0
03/11/2014 14:17:41 27.8 29.8 41.0 39.0 41.0
03/11/2014 14:17:41 27.8 29.8 40.0 40.0 40.0
03/11/2014 14:17:42 27.8 29.8 40.0 40.0 40.0
03/11/2014 14:17:42 27.8 29.8 40.0 38.0 40.0
03/11/2014 14:17:43 27.8 29.8 40.0 38.0 40.0
03/11/2014 14:17:43 27.8 29.8 41.0 38.0 41.0
03/11/2014 14:17:44 27.8 29.8 41.0 38.0 41.0
03/11/2014 14:17:44 27.8 29.8 40.0 39.0 41.0
03/11/2014 14:17:45 27.8 29.8 40.0 39.0 41.0
03/11/2014 14:17:45 27.8 29.8 42.0 38.0 42.0
03/11/2014 14:17:46 27.8 29.8 42.0 38.0 42.0
03/11/2014 14:17:46 27.8 29.8 42.0 38.0 42.0
03/11/2014 14:17:47 27.8 29.8 42.0 38.0 42.0
03/11/2014 14:17:47 27.8 29.8 41.0 39.0 41.0
03/11/2014 14:17:48 27.8 29.8 41.0 39.0 41.0
03/11/2014 14:17:48 27.8 29.8 42.0 41.0 41.0
03/11/2014 14:17:49 27.8 29.8 42.0 41.0 41.0
03/11/2014 14:17:49 27.8 29.8 41.0 39.0 41.0
03/11/2014 14:17:50 27.8 29.8 41.0 39.0 41.0
03/11/2014 14:17:51 27.8 29.8 41.0 40.0 41.0
03/11/2014 14:17:51 27.8 29.8 41.0 40.0 41.0
03/11/2014 14:17:52 27.8 29.8 41.0 39.0 41.0
03/11/2014 14:17:52 27.8 29.8 41.0 39.0 41.0
03/11/2014 14:17:53 27.8 29.8 42.0 39.0 42.0
03/11/2014 14:17:53 27.8 29.8 42.0 39.0 42.0
03/11/2014 14:17:54 27.8 29.8 41.0 39.0 41.0
03/11/2014 14:17:54 27.8 29.8 41.0 39.0 41.0
03/11/2014 14:17:55 27.8 29.8 41.0 41.0 41.0
03/11/2014 14:17:55 27.8 29.8 41.0 41.0 41.0
03/11/2014 14:17:56 27.8 29.8 41.0 40.0 41.0
03/11/2014 14:17:56 27.8 29.8 41.0 40.0 41.0
03/11/2014 14:17:57 27.8 29.8 41.0 40.0 40.0
03/11/2014 14:17:57 27.8 29.8 41.0 40.0 40.0
03/11/2014 14:17:58 27.8 29.8 41.0 39.0 40.0
03/11/2014 14:17:58 27.8 29.8 41.0 39.0 40.0
03/11/2014 14:17:59 27.8 29.8 42.0 40.0 42.0
03/11/2014 14:17:59 27.8 29.8 42.0 40.0 42.0
03/11/2014 14:18:00 27.8 29.8 42.0 39.0 41.0
03/11/2014 14:18:00 27.8 29.8 42.0 39.0 41.0
03/11/2014 14:18:01 27.8 29.8 41.0 40.0 41.0
03/11/2014 14:18:01 27.8 29.8 41.0 40.0 41.0
03/11/2014 14:18:02 27.8 29.8 42.0 40.0 42.0
03/11/2014 14:18:02 27.8 29.8 42.0 40.0 42.0
03/11/2014 14:18:03 27.8 29.8 41.0 40.0 41.0
03/11/2014 14:18:03 27.8 29.8 41.0 40.0 41.0
03/11/2014 14:18:04 27.8 29.8 41.0 39.0 41.0
03/11/2014 14:18:04 27.8 29.8 41.0 39.0 41.0
03/11/2014 14:18:05 27.8 29.8 42.0 39.0 42.0
03/11/2014 14:18:05 27.8 29.8 42.0 39.0 42.0
03/11/2014 14:18:06 27.8 29.8 41.0 41.0 41.0
03/11/2014 14:18:06 27.8 29.8 41.0 41.0 41.0
03/11/2014 14:18:07 27.8 29.8 42.0 40.0 41.0
03/11/2014 14:18:07 27.8 29.8 42.0 40.0 41.0
03/11/2014 14:18:08 27.8 29.8 42.0 39.0 41.0
03/11/2014 14:18:08 27.8 29.8 42.0 39.0 41.0
03/11/2014 14:18:09 27.8 29.8 42.0 38.0 42.0
03/11/2014 14:18:09 27.8 29.8 42.0 38.0 42.0
03/11/2014 14:18:10 27.8 29.8 42.0 40.0 42.0
03/11/2014 14:18:11 27.8 29.8 42.0 40.0 42.0
03/11/2014 14:18:11 27.8 29.8 42.0 40.0 41.0
03/11/2014 14:18:12 27.8 29.8 42.0 40.0 41.0
03/11/2014 14:18:12 27.8 29.8 41.0 39.0 41.0
03/11/2014 14:18:13 27.8 29.8 41.0 39.0 41.0
03/11/2014 14:18:13 27.8 29.8 42.0 39.0 42.0
03/11/2014 14:18:14 27.8 29.8 42.0 39.0 42.0
03/11/2014 14:18:14 27.8 29.8 41.0 39.0 41.0
03/11/2014 14:18:15 27.8 29.8 41.0 39.0 41.0
03/11/2014 14:18:15 27.8 29.8 42.0 39.0 42.0
03/11/2014 14:18:16 27.8 29.8 42.0 39.0 42.0
03/11/2014 14:18:16 27.8 29.8 41.0 39.0 41.0
03/11/2014 14:18:17 27.8 29.8 41.0 39.0 41.0
03/11/2014 14:18:17 27.8 29.8 42.0 39.0 42.0
03/11/2014 14:18:18 27.8 29.8 42.0 39.0 42.0
03/11/2014 14:18:18 27.8 29.8 41.0 39.0 41.0
03/11/2014 14:18:19 27.8 29.8 41.0 39.0 41.0
03/11/2014 14:18:19 27.8 29.8 41.0 39.0 41.0
03/11/2014 14:18:20 27.8 29.8 41.0 39.0 41.0
03/11/2014 14:18:20 27.8 29.8 42.0 39.0 42.0
03/11/2014 14:18:21 27.8 29.8 42.0 39.0 42.0
03/11/2014 14:18:21 27.8 29.8 41.0 40.0 41.0
03/11/2014 14:18:22 27.8 29.8 41.0 40.0 41.0
03/11/2014 14:18:22 27.8 29.8 42.0 39.0 42.0
03/11/2014 14:18:23 27.8 29.8 42.0 39.0 42.0
03/11/2014 14:18:23 27.8 29.8 42.0 39.0 41.0
03/11/2014 14:18:24 27.8 29.8 42.0 39.0 41.0
03/11/2014 14:18:24 27.8 29.8 43.0 39.0 43.0
03/11/2014 14:18:25 27.8 29.8 43.0 39.0 43.0
03/11/2014 14:18:25 27.8 29.8 42.0 39.0 42.0
03/11/2014 14:18:26 27.8 29.8 42.0 39.0 42.0
03/11/2014 14:18:26 27.8 29.8 42.0 39.0 42.0
03/11/2014 14:18:27 27.8 29.8 42.0 39.0 42.0
03/11/2014 14:18:27 27.8 29.8 42.0 40.0 42.0
03/11/2014 14:18:28 27.8 29.8 42.0 40.0 42.0
03/11/2014 14:18:28 27.8 29.8 43.0 39.0 43.0
03/11/2014 14:18:29 27.8 29.8 43.0 39.0 43.0
03/11/2014 14:18:29 27.8 29.8 42.0 39.0 42.0
03/11/2014 14:18:30 27.8 29.8 42.0 39.0 42.0
03/11/2014 14:18:31 27.8 29.8 42.0 40.0 42.0
03/11/2014 14:18:31 27.8 29.8 42.0 40.0 42.0
03/11/2014 14:18:32 27.8 29.8 43.0 40.0 43.0
03/11/2014 14:18:32 27.8 29.8 43.0 40.0 43.0
03/11/2014 14:18:33 27.8 29.8 43.0 40.0 42.0
03/11/2014 14:18:33 27.8 29.8 43.0 40.0 42.0
03/11/2014 14:18:34 27.8 29.8 42.0 39.0 41.0
03/11/2014 14:18:34 27.8 29.8 42.0 39.0 41.0
03/11/2014 14:18:35 27.8 29.8 42.0 40.0 42.0
03/11/2014 14:18:35 27.8 29.8 42.0 40.0 42.0
03/11/2014 14:18:36 27.8 29.8 42.0 39.0 42.0
03/11/2014 14:18:36 27.8 29.8 42.0 39.0 42.0
03/11/2014 14:18:37 27.8 29.8 42.0 39.0 42.0
03/11/2014 14:18:37 27.8 29.8 42.0 39.0 42.0
03/11/2014 14:18:38 27.8 29.8 41.0 40.0 41.0
03/11/2014 14:18:38 27.8 29.8 41.0 40.0 41.0
03/11/2014 14:18:39 27.8 29.8 41.0 40.0 41.0
03/11/2014 14:18:39 27.8 29.8 41.0 40.0 41.0
03/11/2014 14:18:40 27.8 29.8 42.0 40.0 42.0
03/11/2014 14:18:40 27.8 29.8 42.0 40.0 42.0
03/11/2014 14:18:41 27.8 29.8 42.0 40.0 42.0
03/11/2014 14:18:41 27.8 29.8 42.0 40.0 42.0
03/11/2014 14:18:42 27.8 29.8 41.0 40.0 41.0
03/11/2014 14:18:42 27.8 29.8 41.0 40.0 41.0
03/11/2014 14:18:43 27.8 29.8 42.0 39.0 42.0
03/11/2014 14:18:43 27.8 29.8 42.0 39.0 42.0
03/11/2014 14:18:44 27.8 29.8 42.0 39.0 42.0
03/11/2014 14:18:44 27.8 29.8 42.0 39.0 42.0
03/11/2014 14:18:45 27.8 29.8 41.0 40.0 41.0
03/11/2014 14:18:45 27.8 29.8 41.0 40.0 41.0
03/11/2014 14:18:46 27.8 29.8 42.0 40.0 42.0
03/11/2014 14:18:46 27.8 29.8 42.0 40.0 42.0
03/11/2014 14:18:47 27.8 29.8 42.0 40.0 41.0
03/11/2014 14:18:47 27.8 29.8 42.0 40.0 41.0
03/11/2014 14:18:48 27.8 29.8 43.0 40.0 43.0
03/11/2014 14:18:48 27.8 29.8 43.0 40.0 43.0
03/11/2014 14:18:49 27.8 29.8 42.0 39.0 42.0
03/11/2014 14:18:50 27.8 29.8 42.0 39.0 42.0
03/11/2014 14:18:50 27.8 29.8 42.0 40.0 42.0
03/11/2014 14:18:51 27.8 29.8 42.0 40.0 42.0
03/11/2014 14:18:51 27.8 29.8 42.0 40.0 42.0
03/11/2014 14:18:52 27.8 29.8 42.0 40.0 42.0
03/11/2014 14:18:52 27.8 29.8 42.0 41.0 42.0
03/11/2014 14:18:53 27.8 29.8 42.0 41.0 42.0
03/11/2014 14:18:53 27.8 29.8 42.0 39.0 42.0
03/11/2014 14:18:54 27.8 29.8 42.0 39.0 42.0
03/11/2014 14:18:54 27.8 29.8 42.0 40.0 42.0
03/11/2014 14:18:55 27.8 29.8 42.0 40.0 42.0
03/11/2014 14:18:55 27.8 29.8 42.0 40.0 42.0
03/11/2014 14:18:56 27.8 29.8 42.0 40.0 42.0
03/11/2014 14:18:56 27.8 29.8 42.0 41.0 42.0
03/11/2014 14:18:57 27.8 29.8 42.0 41.0 42.0
03/11/2014 14:18:57 27.8 29.8 42.0 41.0 42.0
03/11/2014 14:18:58 27.8 29.8 42.0 41.0 42.0
03/11/2014 14:18:58 27.8 29.8 41.0 40.0 42.0
03/11/2014 14:18:59 27.8 29.8 41.0 40.0 42.0
03/11/2014 14:18:59 27.8 29.8 41.0 39.0 41.0
03/11/2014 14:19:00 27.8 29.8 41.0 39.0 41.0
03/11/2014 14:19:00 27.8 29.8 42.0 40.0 42.0
03/11/2014 14:19:01 27.8 29.8 42.0 40.0 42.0
03/11/2014 14:19:01 27.8 29.8 42.0 39.0 42.0
03/11/2014 14:19:02 27.8 29.8 42.0 39.0 42.0
03/11/2014 14:19:02 27.8 29.8 42.0 39.0 42.0
03/11/2014 14:19:03 27.8 29.8 42.0 39.0 42.0
03/11/2014 14:19:03 27.8 29.8 43.0 40.0 43.0
03/11/2014 14:19:04 27.8 29.8 43.0 40.0 43.0
03/11/2014 14:19:04 27.8 29.8 42.0 40.0 42.0
03/11/2014 14:19:05 27.8 29.8 42.0 40.0 42.0
