1 325
2 326
3 353
4 346
5 434
6 708
7 407
8 347
9 358
10 433
11 376
12 661
13 372
14 310
15 305
16 387
17 425
18 309
19 352
20 383
21 323
22 666
23 370
24 394
25 316
26 569
27 386
28 377
29 383
30 653
31 382
32 384
33 376
34 546
35 407
36 383
37 363
38 665
39 363
40 311
41 311
42 376
43 588
44 365
45 356
46 388
47 626
48 371
49 389
50 557
51 311
52 325
53 379
54 756
55 385
56 313
57 310
58 703
59 376
60 369
61 323
62 612
63 366
64 368
65 361
66 395
67 317
68 308
69 358
70 721
71 394
72 326
73 397
74 601
75 380
76 368
77 628
78 308
79 346
80 402
81 389
82 470
83 380
84 407
85 385
86 661
87 354
88 320
89 306
90 309
91 454
92 367
93 400
94 704
95 312
96 329
97 407
98 662
99 391
100 318
101 315
102 738
103 377
104 383
105 323
106 694
107 375
108 396
109 688
110 410
111 408
112 383
113 723
114 388
115 387
116 402
117 686
118 397
119 372
120 680
121 310
122 325
123 373
124 717
125 365
126 309
127 304
128 767
129 384
130 391
131 642
132 315
133 385
134 376
135 706
136 341
137 528
138 750
139 396
140 371
141 829
142 427
143 366
144 372
145 741
146 395
147 314
148 345
149 742
150 380
151 382
152 759
153 313
154 382
155 401
156 389
157 401
158 407
159 388
160 396
161 356
162 381
163 358
164 408
165 775
166 392
167 397
168 613
169 419
170 385
171 383
172 676
173 359
174 404
175 379
176 788
177 401
178 375
179 315
180 768
181 385
182 403
183 671
184 333
185 318
186 395
187 475
188 399
189 372
190 404
191 374
192 460
193 379
194 395
195 322
196 312
197 619
198 396
199 402
200 511
201 323
202 344
203 384
204 935
205 391
206 330
207 548
208 369
209 363
210 362
211 485
212 316
213 354
214 390
215 732
216 400
217 321
218 313
219 392
220 382
221 385
222 324
223 355
224 695
225 380
226 385
227 705
228 313
229 386
230 371
231 391
232 365
233 406
234 363
235 379
236 605
237 387
238 320
239 309
240 758
241 391
242 376
243 697
244 315
245 392
246 395
247 375
248 361
249 405
250 382
251 395
252 499
253 371
254 325
255 363
256 732
257 379
258 389
259 427
260 405
261 384
262 389
263 389
264 534
265 311
266 311
267 383
268 700
269 397
270 321
271 325
272 467
273 388
274 375
275 353
276 330
277 648
278 379
279 406
280 727
281 328
282 312
283 377
284 372
285 447
286 382
287 325
288 342
289 470
290 385
291 402
292 325
293 659
294 382
295 379
296 382
297 455
298 325
299 344
300 372
301 475
302 376
303 316
304 310
305 374
306 681
307 393
308 375
309 310
310 491
311 378
312 375
313 373
314 597
315 326
316 328
317 378
318 488
319 395
320 380
321 411
322 385
323 555
324 398
325 386
326 315
327 751
328 380
329 381
330 688
331 321
332 376
333 371
334 466
335 398
336 339
337 408
338 381
339 364
340 372
341 372
342 312
343 583
344 368
345 368
346 707
347 322
348 315
349 381
350 403
351 391
352 328
353 361
354 385
355 692
356 373
357 341
358 413
359 626
360 397
361 401
362 373
363 773
364 368
365 398
366 409
367 399
368 406
369 393
370 373
371 638
372 379
373 316
374 390
375 368
376 566
377 397
378 377
379 358
380 408
381 385
382 389
383 384
384 551
385 326
386 313
387 384
388 632
389 392
390 322
391 403
392 752
393 384
394 391
395 645
396 412
397 384
398 399
399 470
400 387
401 401
402 367
403 390
404 413
405 367
406 330
407 308
408 364
409 411
410 369
411 383
412 319
413 738
414 374
415 391
416 501
417 323
418 307
419 374
420 697
421 378
422 326
423 307
424 339
425 608
426 372
427 435
428 326
429 361
430 376
431 395
432 378
433 561
434 318
435 315
436 393
437 734
438 377
439 321
440 322
441 739
442 374
443 395
444 405
445 402
446 377
447 395
448 387
449 621
450 319
451 316
452 376
453 714
454 382
455 336
456 426
457 368
458 398
459 382
460 379
461 608
462 315
463 379
464 395
465 686
466 347
467 408
468 379
469 707
470 381
471 372
472 312
473 315
474 577
475 372
476 374
477 490
478 314
479 327
480 410
481 407
482 569
483 324
484 387
485 377
486 390
487 449
488 393
489 343
490 384
491 750
492 391
493 388
494 747
495 315
496 356
497 391
498 383
499 397
500 327
501 329
502 373
503 705
504 398
505 397
506 409
507 688
508 388
509 405
510 428
511 313
512 333
513 392
514 382
515 684
516 333
517 354
518 376
519 809
520 388
521 374
522 307
523 668
524 381
525 395
526 427
527 375
528 313
529 356
530 395
531 782
532 385
533 320
534 316
535 758
536 375
537 388
538 334
539 460
540 391
541 386
542 390
543 686
544 317
545 365
546 386
547 709
548 387
549 328
550 326
551 742
552 398
553 412
554 378
555 684
556 362
557 368
558 476
559 362
560 406
561 359
562 389
563 509
564 392
565 318
566 337
567 375
568 343
569 375
570 354
571 309
572 304
573 605
574 373
575 386
576 726
577 332
578 314
579 367
580 407
581 398
582 367
583 406
584 382
585 526
586 389
587 394
588 319
589 648
590 366
591 398
592 431
593 339
594 312
595 391
596 403
597 547
598 338
599 392
600 368
601 665
602 384
603 341
604 404
605 417
606 389
607 384
608 358
609 403
610 603
611 380
612 375
613 629
614 316
615 313
616 384
617 832
618 379
619 316
620 397
621 519
622 373
623 379
624 463
625 410
626 377
627 405
628 369
629 408
630 443
631 316
632 393
633 540
634 395
635 338
636 410
637 783
638 392
639 395
640 512
641 415
642 384
643 377
644 381
645 546
646 336
647 357
648 385
649 744
650 390
651 360
652 411
653 668
654 381
655 379
656 508
657 311
658 310
659 375
660 376
661 537
662 385
663 314
664 305
665 476
666 375
667 377
668 319
669 308
670 455
671 365
672 395
673 364
674 577
675 320
676 309
677 380
678 669
679 366
680 341
681 389
682 378
683 376
684 390
685 377
686 798
687 377
688 389
689 768
690 401
691 314
692 351
693 379
694 381
695 379
696 334
697 343
698 375
699 506
700 403
701 383
702 709
703 534
704 375
705 388
706 375
707 382
708 323
709 311
710 367
711 383
712 374
713 389
714 311
715 391
716 369
717 396
718 378
719 657
720 312
721 314
722 385
723 383
724 425
725 389
726 322
727 315
728 395
729 694
730 378
731 349
732 405
733 739
734 384
735 385
736 468
737 314
738 320
739 384
740 391
741 508
742 374
743 313
744 338
745 784
746 398
747 397
748 333
749 716
750 381
751 389
752 540
753 378
754 405
755 379
756 401
757 481
758 385
759 331
760 411
761 734
762 435
763 382
764 504
765 313
766 317
767 380
768 371
769 526
770 364
771 300
772 338
773 734
774 386
775 364
776 637
777 314
778 372
779 408
780 532
781 412
782 408
783 362
784 381
785 524
786 435
787 330
788 377
789 680
790 391
791 376
792 537
793 313
794 312
795 372
796 379
797 374
798 382
799 311
800 310
801 678
802 388
803 391
804 317
805 511
806 363
807 385
808 391
809 681
810 341
811 344
812 377
813 761
814 391
815 326
816 363
817 517
818 392
819 404
820 708
821 310
822 311
823 368
824 388
825 636
826 375
827 315
828 313
829 781
830 381
831 397
832 330
833 564
834 383
835 383
836 703
837 325
838 373
839 386
840 714
841 373
842 328
843 351
844 569
845 364
846 374
847 672
848 313
849 377
850 394
851 710
852 339
853 408
854 374
855 614
856 393
857 388
858 317
859 337
860 513
861 384
862 403
863 686
864 310
865 324
866 386
867 598
868 378
869 319
870 401
871 357
872 650
873 391
874 389
875 318
876 599
877 368
878 396
879 649
880 374
881 405
882 382
883 745
884 380
885 395
886 420
887 716
888 377
889 370
890 787
891 311
892 324
893 389
894 578
895 386
896 323
897 345
898 365
899 419
900 394
901 385
902 342
903 596
904 397
905 375
906 602
907 392
908 404
909 365
910 796
911 382
912 381
913 316
914 449
915 386
916 380
917 383
918 665
919 314
920 394
921 377
922 639
923 404
924 316
925 345
926 791
927 380
928 389
929 330
930 326
931 368
932 374
933 384
934 719
935 407
936 370
937 388
938 719
939 381
940 316
941 360
942 432
943 373
944 391
945 318
946 328
947 685
948 384
949 383
950 366
951 627
952 386
953 374
954 738
955 372
956 314
957 341
958 415
959 375
960 395
961 321
962 380
963 375
964 524
965 359
966 375
967 678
968 308
969 311
970 370
971 424
972 369
973 325
974 308
975 369
976 702
977 368
978 362
979 403
980 691
981 393
982 393
983 744
984 317
985 337
986 397
987 463
988 384
989 327
990 369
991 387
992 677
993 394
994 371
995 404
996 646
997 371
998 386
999 492
1000 314
1001 331
1002 399
1003 377
1004 715
1005 341
1006 375
1007 382
1008 745
1009 386
1010 398
1011 318
1012 565
1013 394
1014 389
1015 380
1016 379
1017 322
1018 415
1019 369
1020 391
1021 526
1022 383
1023 344
1024 317
1025 704
1026 385
1027 381
1028 393
1029 389
1030 368
1031 372
1032 361
1033 400
1034 312
1035 304
1036 372
1037 703
1038 369
1039 319
1040 349
1041 456
1042 388
1043 377
1044 391
1045 402
1046 613
1047 372
1048 371
1049 689
1050 326
1051 324
1052 374
1053 775
1054 391
1055 369
1056 312
1057 459
1058 375
1059 388
1060 387
1061 634
1062 316
1063 375
1064 370
1065 683
1066 368
1067 314
1068 316
1069 394
1070 378
1071 386
1072 357
1073 308
1074 335
1075 549
1076 367
1077 399
1078 725
1079 317
1080 314
1081 381
1082 732
1083 400
1084 341
1085 406
1086 499
1087 401
1088 388
1089 362
1090 733
1091 379
1092 370
1093 389
1094 606
1095 333
1096 394
1097 368
1098 486
1099 404
1100 395
1101 305
1102 343
1103 605
1104 363
1105 367
1106 749
1107 316
1108 401
1109 398
1110 584
1111 372
1112 308
1113 332
1114 637
1115 391
1116 406
1117 318
1118 804
1119 388
1120 396
1121 489
1122 359
1123 424
1124 375
1125 381
1126 587
1127 388
1128 318
1129 313
1130 745
1131 398
1132 368
1133 720
1134 328
1135 380
1136 395
1137 460
1138 392
1139 414
1140 363
1141 379
1142 518
1143 388
1144 317
1145 361
1146 732
1147 387
1148 389
1149 483
1150 398
1151 362
1152 373
1153 372
1154 546
1155 321
1156 358
1157 362
1158 711
1159 375
1160 396
1161 325
1162 309
1163 391
1164 380
1165 403
1166 662
1167 314
1168 316
1169 368
1170 398
1171 572
1172 390
1173 328
1174 365
1175 622
1176 372
1177 384
1178 403
1179 314
1180 328
1181 396
1182 380
1183 525
1184 367
1185 324
1186 334
1187 722
1188 387
1189 368
1190 322
1191 498
1192 367
1193 364
1194 388
1195 582
1196 320
1197 312
1198 384
1199 741
1200 369
1201 370
1202 412
1203 526
1204 389
1205 382
1206 367
1207 486
1208 411
1209 362
1210 388
1211 677
1212 383
1213 395
1214 385
1215 656
1216 392
1217 379
1218 317
1219 768
1220 382
1221 387
1222 381
1223 367
1224 312
1225 307
1226 362
1227 369
1228 491
1229 380
1230 313
1231 308
1232 634
1233 386
1234 378
1235 329
1236 774
1237 372
1238 383
1239 418
1240 370
1241 330
1242 357
1243 387
1244 688
1245 374
1246 322
1247 309
1248 709
1249 393
1250 381
1251 709
1252 329
1253 392
1254 382
1255 384
1256 330
1257 367
1258 357
1259 380
1260 585
1261 382
1262 317
1263 317
1264 687
1265 389
1266 371
1267 716
1268 308
1269 313
1270 373
1271 419
1272 397
1273 325
1274 363
1275 387
1276 764
1277 379
1278 382
1279 404
1280 691
1281 371
1282 391
1283 438
1284 312
1285 334
1286 411
1287 393
1288 618
1289 340
1290 408
1291 387
1292 812
1293 375
1294 382
1295 313
1296 519
1297 391
1298 382
1299 401
1300 373
1301 334
1302 345
1303 372
1304 774
1305 382
1306 377
1307 315
1308 345
1309 388
1310 388
1311 399
1312 326
1313 711
1314 370
1315 384
1316 679
1317 391
1318 313
1319 326
1320 377
1321 708
1322 396
1323 395
1324 408
1325 374
1326 387
1327 387
1328 392
1329 760
1330 381
1331 364
1332 777
1333 384
1334 316
1335 323
1336 452
1337 519
1338 398
1339 323
1340 316
1341 703
1342 388
1343 376
1344 705
1345 316
1346 312
1347 396
1348 823
1349 374
1350 324
1351 359
1352 516
1353 373
1354 399
1355 395
1356 840
1357 383
1358 388
1359 695
1360 363
1361 306
1362 335
1363 579
1364 380
1365 395
1366 317
1367 416
1368 671
1369 390
1370 379
1371 700
1372 320
1373 316
1374 385
1375 695
1376 363
1377 323
1378 353
1379 662
1380 378
1381 388
1382 759
1383 322
1384 313
1385 387
1386 364
1387 376
1388 377
1389 405
1390 375
1391 723
1392 382
1393 387
1394 407
1395 704
1396 393
1397 398
1398 682
1399 316
1400 310
1401 368
1402 541
1403 371
1404 327
1405 368
1406 371
1407 505
1408 392
1409 378
1410 776
1411 353
1412 373
1413 497
1414 383
1415 313
1416 315
1417 378
1418 379
1419 569
1420 377
1421 339
1422 388
1423 714
1424 396
1425 405
1426 485
1427 319
1428 309
1429 386
1430 378
1431 539
1432 384
1433 317
1434 324
1435 704
1436 375
1437 375
1438 688
1439 313
1440 390
1441 383
1442 607
1443 399
1444 409
1445 376
1446 461
1447 411
1448 364
1449 309
1450 352
1451 565
1452 383
1453 373
1454 634
1455 311
1456 383
1457 385
1458 800
1459 324
1460 351
1461 386
1462 389
1463 393
1464 355
1465 314
1466 311
1467 746
1468 374
1469 383
1470 632
1471 332
1472 388
1473 382
1474 687
1475 381
1476 396
1477 369
1478 388
1479 383
1480 375
1481 310
1482 346
1483 705
1484 384
1485 390
1486 665
1487 413
1488 368
1489 393
1490 767
1491 379
1492 310
1493 328
1494 386
1495 385
1496 397
1497 384
1498 699
1499 396
1500 399
1501 788
1502 328
1503 330
1504 372
1505 446
1506 370
1507 345
1508 400
1509 376
1510 628
1511 383
1512 363
1513 307
1514 464
1515 363
1516 369
1517 780
1518 372
1519 406
1520 419
1521 387
1522 379
1523 391
1524 317
1525 313
1526 640
1527 378
1528 373
1529 687
1530 395
1531 360
1532 379
1533 368
1534 363
1535 318
1536 312
1537 377
1538 704
1539 387
1540 370
1541 310
1542 752
1543 377
1544 424
1545 720
1546 330
1547 362
1548 378
1549 463
1550 389
1551 385
1552 311
1553 371
1554 647
1555 384
1556 389
1557 763
1558 313
1559 313
1560 392
1561 375
1562 369
1563 378
1564 307
1565 324
1566 384
1567 492
1568 446
1569 376
1570 311
1571 637
1572 369
1573 389
1574 626
1575 385
1576 407
1577 387
1578 642
1579 408
1580 375
1581 312
1582 329
1583 648
1584 404
1585 371
1586 366
1587 403
1588 366
1589 390
1590 372
1591 677
1592 323
1593 314
1594 378
1595 740
1596 400
1597 366
1598 409
1599 655
1600 379
1601 383
1602 407
1603 329
1604 317
1605 397
1606 391
1607 617
1608 345
1609 315
1610 313
1611 393
1612 578
1613 386
1614 343
1615 397
1616 771
1617 378
1618 375
1619 362
1620 323
1621 365
1622 377
1623 395
1624 533
1625 378
1626 403
1627 363
1628 787
1629 385
1630 399
1631 311
1632 323
1633 407
1634 380
1635 381
1636 672
1637 314
1638 388
1639 399
1640 656
1641 375
1642 312
1643 316
1644 769
1645 376
1646 384
1647 334
1648 409
1649 385
1650 401
1651 418
1652 690
1653 316
1654 325
1655 383
1656 770
1657 396
1658 319
1659 410
1660 438
1661 367
1662 375
1663 353
1664 389
1665 578
1666 371
1667 396
1668 795
1669 327
1670 316
1671 388
1672 782
1673 399
1674 343
1675 412
1676 397
1677 379
1678 382
1679 382
1680 591
1681 310
1682 371
1683 378
1684 668
1685 333
1686 386
1687 384
1688 502
1689 379
1690 379
1691 318
1692 317
1693 751
1694 383
1695 392
1696 649
1697 416
1698 377
1699 394
1700 469
1701 394
1702 405
1703 375
1704 397
1705 448
1706 382
1707 367
1708 311
1709 312
1710 629
1711 391
1712 388
1713 668
1714 321
1715 314
1716 375
1717 684
1718 367
1719 354
1720 404
1721 465
1722 370
1723 387
1724 373
1725 307
1726 420
1727 379
1728 376
1729 377
1730 459
1731 329
1732 317
1733 387
1734 732
1735 388
1736 392
1737 328
1738 327
1739 549
1740 391
1741 386
1742 379
1743 312
1744 313
1745 686
1746 371
1747 381
1748 383
1749 321
1750 312
1751 572
1752 384
1753 370
1754 353
1755 434
1756 363
1757 367
1758 370
1759 336
1760 626
1761 311
1762 383
1763 406
1764 601
1765 385
1766 408
1767 369
1768 745
1769 388
1770 373
1771 315
1772 397
1773 380
1774 385
1775 389
1776 724
1777 371
1778 373
1779 383
1780 570
1781 350
1782 374
1783 374
1784 412
1785 381
1786 398
1787 318
1788 314
1789 649
1790 385
1791 394
1792 700
1793 316
1794 390
1795 394
1796 666
1797 392
1798 312
1799 334
1800 467
1801 396
1802 390
1803 350
1804 358
1805 650
1806 390
1807 379
1808 708
1809 319
1810 374
1811 375
1812 394
1813 380
1814 369
1815 332
1816 315
1817 378
1818 564
1819 386
1820 393
1821 313
1822 598
1823 380
1824 405
1825 772
1826 386
1827 402
1828 370
1829 457
1830 369
1831 376
1832 315
1833 328
1834 633
1835 392
1836 393
1837 705
1838 340
1839 316
1840 387
1841 511
1842 368
1843 361
1844 411
1845 382
1846 432
1847 391
1848 379
1849 333
1850 656
1851 367
1852 386
1853 396
1854 360
1855 317
1856 316
1857 397
1858 691
1859 384
1860 320
1861 402
1862 361
1863 493
1864 372
1865 386
1866 677
1867 314
1868 378
1869 376
1870 403
1871 376
1872 313
1873 349
1874 403
1875 577
1876 387
1877 331
1878 392
1879 770
1880 386
1881 395
1882 431
1883 316
1884 328
1885 390
1886 392
1887 583
1888 402
1889 312
1890 334
1891 772
1892 390
1893 387
1894 712
1895 341
1896 401
1897 396
1898 373
1899 347
1900 401
1901 375
1902 379
1903 583
1904 367
1905 324
1906 392
1907 661
1908 383
1909 369
1910 522
1911 322
1912 410
1913 381
1914 404
1915 672
1916 372
1917 325
1918 314
1919 841
1920 380
1921 395
1922 651
1923 311
1924 332
1925 396
1926 717
1927 394
1928 333
1929 386
1930 818
1931 396
1932 404
1933 466
1934 315
1935 331
1936 386
1937 399
1938 775
1939 322
1940 374
1941 396
1942 746
1943 372
1944 400
1945 406
1946 717
1947 362
1948 381
1949 399
1950 326
1951 318
1952 392
1953 376
1954 576
1955 366
1956 317
1957 314
1958 389
1959 543
1960 392
1961 414
1962 315
1963 317
1964 371
1965 404
1966 372
1967 736
1968 410
1969 368
1970 410
1971 797
1972 380
1973 319
1974 338
1975 734
1976 387
1977 399
1978 429
1979 306
1980 392
1981 373
1982 797
1983 325
1984 335
1985 382
1986 749
1987 393
1988 373
1989 409
1990 466
1991 376
1992 386
1993 386
1994 311
1995 525
1996 382
1997 369
1998 727
1999 387
2000 311
2001 318
2002 774
2003 378
2004 391
2005 330
2006 540
2007 384
2008 385
2009 395
2010 772
2011 314
2012 318
2013 387
2014 743
2015 402
2016 333
2017 367
2018 499
2019 387
2020 377
2021 403
2022 802
2023 365
2024 381
2025 390
2026 585
2027 337
2028 391
2029 370
2030 691
2031 382
2032 395
2033 316
2034 507
2035 380
2036 382
2037 396
2038 524
2039 346
2040 348
2041 374
2042 474
2043 382
2044 387
2045 312
2046 312
2047 684
2048 387
2049 395
2050 698
2051 317
2052 314
2053 389
2054 395
2055 473
2056 391
2057 322
2058 322
2059 495
2060 382
2061 378
2062 372
2063 798
2064 376
2065 385
2066 390
2067 447
2068 333
2069 398
2070 368
2071 470
2072 368
2073 372
2074 398
2075 373
2076 498
2077 376
2078 374
2079 598
2080 307
2081 348
2082 358
2083 723
2084 377
2085 318
2086 307
2087 486
2088 400
2089 388
2090 326
2091 783
2092 413
2093 378
2094 736
2095 319
2096 311
2097 375
2098 521
2099 404
2100 337
2101 313
2102 334
2103 688
2104 360
2105 487
2106 513
2107 307
2108 354
2109 375
2110 501
2111 380
2112 318
2113 313
2114 752
2115 390
2116 366
2117 327
2118 790
2119 375
2120 417
2121 622
2122 396
2123 403
2124 368
2125 732
2126 395
2127 364
2128 403
2129 739
2130 388
2131 394
2132 738
2133 314
2134 349
2135 407
2136 650
2137 402
2138 330
2139 322
2140 390
2141 483
2142 389
2143 382
2144 366
2145 323
2146 319
2147 390
2148 376
2149 777
2150 330
2151 322
2152 377
2153 375
2154 482
2155 385
2156 337
2157 380
2158 721
2159 444
2160 390
2161 367
2162 315
2163 376
2164 401
2165 382
2166 695
2167 333
2168 369
2169 380
2170 757
2171 398
2172 369
2173 312
2174 678
2175 399
2176 381
2177 415
2178 327
2179 314
2180 385
2181 403
2182 1069
2183 366
2184 410
2185 546
2186 393
2187 373
2188 380
2189 364
2190 360
2191 380
2192 366
2193 384
2194 390
2195 310
2196 309
2197 374
2198 366
2199 467
2200 395
2201 307
2202 309
2203 388
2204 375
2205 387
2206 342
2207 403
2208 691
2209 381
2210 378
2211 664
2212 406
2213 380
2214 386
2215 739
2216 368
2217 315
2218 333
2219 395
2220 381
2221 391
2222 330
2223 410
2224 387
2225 462
2226 378
2227 389
2228 638
2229 313
2230 399
2231 384
2232 459
2233 398
2234 408
2235 379
2236 380
2237 601
2238 385
2239 329
2240 320
2241 706
2242 411
2243 391
2244 755
2245 305
2246 309
2247 382
2248 466
2249 398
2250 323
2251 373
2252 382
2253 755
2254 375
2255 382
2256 801
2257 370
2258 386
2259 398
2260 366
2261 324
2262 316
2263 383
2264 380
2265 591
2266 383
2267 321
2268 316
2269 757
2270 382
2271 374
2272 742
2273 313
2274 387
2275 398
2276 419
2277 395
2278 404
2279 368
2280 394
2281 712
2282 372
2283 368
2284 562
2285 368
2286 396
2287 380
2288 525
2289 317
2290 316
2291 383
2292 388
2293 514
2294 398
2295 313
2296 316
2297 374
2298 632
2299 393
2300 426
2301 312
2302 481
2303 361
2304 373
2305 376
2306 491
2307 402
2308 375
2309 371
2310 744
2311 374
2312 310
2313 307
2314 679
2315 388
2316 400
2317 468
2318 408
2319 373
2320 394
2321 395
2322 499
2323 322
2324 345
2325 392
2326 777
2327 401
2328 372
2329 408
2330 458
2331 395
2332 385
2333 386
2334 476
2335 396
2336 368
2337 371
2338 686
2339 383
2340 319
2341 388
2342 649
2343 386
2344 384
2345 415
2346 789
2347 379
2348 379
2349 538
2350 387
2351 313
2352 360
2353 380
2354 687
2355 381
2356 330
2357 360
2358 692
2359 375
2360 371
2361 773
2362 310
2363 336
2364 395
2365 367
2366 371
2367 320
2368 313
2369 375
2370 391
2371 462
2372 385
2373 325
2374 343
2375 739
2376 384
2377 399
2378 1148
2379 312
2380 326
2381 548
2382 386
2383 379
2384 322
2385 418
2386 371
2387 383
2388 364
2389 538
2390 391
2391 368
2392 381
2393 572
2394 362
2395 402
2396 395
2397 378
2398 384
2399 411
2400 337
2401 391
2402 643
2403 382
2404 380
2405 380
2406 434
2407 404
2408 377
2409 380
2410 701
2411 376
2412 308
2413 313
2414 568
2415 359
2416 377
2417 310
2418 304
2419 452
2420 380
2421 416
2422 682
2423 324
2424 315
2425 378
2426 656
2427 402
2428 389
2429 317
2430 357
2431 510
2432 366
2433 371
2434 634
2435 408
2436 369
2437 389
2438 672
2439 379
2440 324
2441 383
2442 389
2443 503
2444 451
2445 379
2446 324
2447 584
2448 383
2449 400
2450 669
2451 369
2452 408
2453 364
2454 381
2455 539
2456 381
2457 369
2458 416
2459 629
2460 389
2461 392
2462 686
2463 313
2464 328
2465 374
2466 392
2467 460
2468 367
2469 323
2470 317
2471 645
2472 386
2473 389
2474 359
2475 746
2476 398
2477 377
2478 708
2479 380
2480 314
2481 345
2482 382
2483 1057
2484 395
2485 385
2486 314
2487 323
2488 368
2489 397
2490 658
2491 391
2492 314
2493 320
2494 382
2495 549
2496 378
2497 392
2498 313
2499 654
2500 399
2501 390
2502 490
2503 318
2504 312
2505 380
2506 384
2507 594
2508 383
2509 408
2510 384
2511 384
2512 437
2513 376
2514 330
2515 392
2516 684
2517 368
2518 393
2519 573
2520 308
2521 384
2522 399
2523 385
2524 310
2525 356
2526 365
2527 380
2528 513
2529 388
2530 314
2531 314
2532 389
2533 432
2534 380
2535 386
2536 315
2537 505
2538 373
2539 368
2540 383
2541 486
2542 311
2543 314
2544 372
2545 652
2546 371
2547 318
2548 313
2549 734
2550 380
2551 386
2552 329
2553 387
2554 353
2555 381
2556 378
2557 718
2558 409
2559 366
2560 378
2561 471
2562 387
2563 319
2564 312
2565 387
2566 605
2567 388
2568 391
2569 311
2570 713
2571 400
2572 387
2573 522
2574 317
2575 308
2576 381
2577 390
2578 496
2579 391
2580 309
2581 326
2582 764
2583 371
2584 380
2585 317
2586 754
2587 407
2588 379
2589 548
2590 399
2591 399
2592 375
2593 750
2594 379
2595 347
2596 392
2597 710
2598 392
2599 391
2600 607
2601 315
2602 340
2603 384
2604 720
2605 386
2606 324
2607 331
2608 358
2609 389
2610 388
2611 379
2612 310
2613 370
2614 499
2615 367
2616 386
2617 748
2618 312
2619 314
2620 377
2621 514
2622 384
2623 343
2624 311
2625 373
2626 436
2627 372
2628 393
2629 319
2630 313
2631 580
2632 381
2633 375
2634 522
2635 325
2636 411
2637 368
2638 378
2639 632
2640 377
2641 322
2642 322
2643 468
2644 374
2645 392
2646 390
2647 318
2648 590
2649 376
2650 372
2651 373
2652 401
2653 342
2654 416
2655 380
2656 724
2657 388
2658 391
2659 316
2660 326
2661 383
2662 377
2663 377
2664 633
2665 312
2666 311
2667 371
2668 380
2669 370
2670 339
2671 394
2672 367
2673 711
2674 398
2675 378
2676 316
2677 330
2678 440
2679 383
2680 370
2681 386
2682 488
2683 311
2684 322
2685 401
2686 823
2687 390
2688 317
2689 423
2690 382
2691 384
2692 379
2693 391
2694 329
2695 716
2696 383
2697 375
2698 612
2699 381
2700 306
2701 307
2702 552
2703 390
2704 370
2705 322
2706 320
2707 642
2708 383
2709 385
2710 476
2711 319
2712 310
2713 382
2714 382
2715 577
2716 391
2717 318
2718 323
2719 379
2720 603
2721 377
2722 380
2723 333
2724 972
2725 363
2726 464
2727 385
2728 393
2729 420
2730 381
2731 477
2732 377
2733 377
2734 311
2735 432
2736 389
2737 370
2738 388
2739 614
2740 411
2741 361
2742 385
2743 829
2744 379
2745 309
2746 309
2747 631
2748 373
2749 396
2750 330
2751 676
2752 374
2753 379
2754 668
2755 315
2756 308
2757 373
2758 699
2759 380
2760 331
2761 322
2762 392
2763 373
2764 366
2765 355
2766 393
2767 618
2768 372
2769 382
2770 766
2771 312
2772 305
2773 382
2774 658
2775 378
2776 332
2777 308
2778 471
2779 390
2780 383
2781 331
2782 656
2783 386
2784 393
2785 375
2786 549
2787 312
2788 387
2789 378
2790 384
2791 545
2792 394
2793 342
2794 313
2795 788
2796 386
2797 390
2798 399
2799 411
2800 384
2801 388
2802 374
2803 777
2804 330
2805 313
2806 387
2807 728
2808 390
2809 366
2810 399
2811 367
2812 391
2813 396
2814 390
2815 678
2816 363
2817 390
2818 384
2819 509
2820 327
2821 357
2822 369
2823 766
2824 383
2825 416
2826 408
2827 392
2828 391
2829 379
2830 395
2831 732
2832 374
2833 398
2834 389
2835 608
2836 330
2837 318
2838 349
2839 387
2840 378
2841 384
2842 334
2843 410
2844 797
2845 396
2846 384
2847 485
2848 401
2849 363
2850 383
2851 385
2852 528
2853 332
2854 385
2855 381
2856 689
2857 377
2858 368
2859 313
2860 345
2861 603
2862 378
2863 400
2864 398
2865 320
2866 313
2867 397
2868 395
2869 653
2870 389
2871 405
2872 384
2873 384
2874 396
2875 390
2876 309
2877 310
2878 507
2879 373
2880 391
2881 659
2882 315
2883 324
2884 385
2885 777
2886 389
2887 330
2888 315
2889 331
2890 609
2891 389
2892 369
2893 381
2894 399
2895 367
2896 369
2897 371
2898 539
2899 315
2900 353
2901 373
2902 641
2903 380
2904 319
2905 342
2906 420
2907 376
2908 387
2909 356
2910 760
2911 384
2912 386
2913 374
2914 701
2915 321
2916 316
2917 384
2918 576
2919 397
2920 361
2921 412
2922 679
2923 408
2924 377
2925 431
2926 314
2927 390
2928 383
2929 384
2930 658
2931 319
2932 315
2933 369
2934 692
2935 362
2936 336
2937 304
2938 321
2939 651
2940 410
2941 928
2942 366
2943 414
2944 372
2945 368
2946 374
2947 393
2948 323
2949 313
2950 384
2951 377
2952 375
2953 380
2954 402
2955 366
2956 493
2957 396
2958 364
2959 361
2960 330
2961 386
2962 368
2963 372
2964 584
2965 316
2966 343
2967 399
2968 617
2969 399
2970 321
2971 314
2972 378
2973 485
2974 384
2975 384
2976 317
2977 313
2978 390
2979 392
2980 387
2981 427
2982 313
2983 386
2984 379
2985 384
2986 1010
2987 324
2988 410
2989 364
2990 393
2991 387
2992 379
2993 407
2994 368
2995 377
2996 390
2997 438
2998 347
2999 404
3000 379
3001 387
3002 463
3003 370
3004 419
3005 357
3006 381
3007 609
3008 385
3009 310
3010 343
3011 555
3012 390
3013 388
3014 317
3015 314
3016 576
3017 384
3018 384
3019 410
3020 314
3021 392
3022 426
3023 389
3024 364
3025 408
3026 364
3027 389
3028 697
3029 394
3030 311
3031 341
3032 380
3033 362
3034 382
3035 339
3036 403
3037 481
3038 405
3039 388
3040 407
3041 412
3042 650
3043 371
3044 398
3045 444
3046 313
3047 400
3048 380
3049 397
3050 419
3051 386
3052 318
3053 333
3054 371
3055 367
3056 386
3057 382
3058 398
3059 487
3060 386
3061 393
3062 385
3063 315
3064 314
3065 384
3066 391
3067 365
3068 753
3069 412
3070 356
3071 384
3072 500
3073 370
3074 320
3075 327
3076 378
3077 411
3078 388
3079 394
3080 326
3081 573
3082 358
3083 384
3084 392
3085 381
3086 329
3087 316
3088 387
3089 391
3090 390
3091 377
3092 316
3093 377
3094 366
3095 769
3096 385
3097 391
3098 594
3099 382
3100 390
3101 384
3102 642
3103 310
3104 313
3105 371
3106 383
3107 467
3108 387
3109 315
3110 313
3111 621
3112 376
3113 373
3114 340
3115 655
3116 366
3117 372
3118 387
3119 533
3120 312
3121 304
3122 383
3123 644
3124 374
3125 362
3126 404
3127 671
3128 381
3129 366
3130 571
3131 317
3132 318
3133 402
3134 390
3135 500
3136 390
3137 315
3138 310
3139 724
3140 392
3141 379
3142 320
3143 623
3144 378
3145 409
3146 371
3147 499
3148 322
3149 310
3150 375
3151 622
3152 401
3153 349
3154 406
3155 359
3156 541
3157 376
3158 379
3159 346
3160 338
3161 373
3162 395
3163 385
3164 499
3165 323
3166 317
3167 375
3168 394
3169 516
3170 347
3171 383
3172 352
3173 366
3174 372
3175 372
3176 306
3177 371
3178 494
3179 398
3180 403
3181 617
3182 396
3183 360
3184 384
3185 740
3186 371
3187 305
3188 310
3189 434
3190 388
3191 380
3192 320
3193 401
3194 470
3195 441
3196 386
3197 326
3198 584
3199 387
3200 377
3201 391
3202 319
3203 351
3204 362
3205 385
3206 380
3207 388
3208 337
3209 316
3210 387
3211 387
3212 470
3213 400
3214 318
3215 312
3216 381
3217 382
3218 390
3219 386
3220 307
3221 323
3222 389
3223 406
3224 379
3225 411
3226 791
3227 379
3228 378
3229 438
3230 386
3231 398
3232 369
3233 368
3234 484
3235 383
3236 329
3237 308
3238 660
3239 378
3240 379
3241 319
3242 590
3243 399
3244 366
3245 373
3246 380
3247 313
3248 341
3249 372
3250 383
3251 378
3252 381
3253 313
3254 311
3255 384
3256 539
3257 361
3258 376
3259 307
3260 443
3261 397
3262 387
3263 399
3264 429
3265 314
3266 400
3267 375
3268 391
3269 444
3270 315
3271 308
3272 372
3273 471
3274 394
3275 350
3276 371
3277 382
3278 481
3279 378
3280 395
3281 314
3282 322
3283 536
3284 367
3285 374
3286 512
3287 307
3288 334
3289 395
3290 627
3291 372
3292 311
3293 394
3294 365
3295 522
3296 385
3297 375
3298 309
3299 404
3300 377
3301 368
3302 364
3303 420
3304 356
3305 365
3306 375
3307 680
3308 310
3309 309
3310 367
3311 506
3312 379
3313 321
3314 309
3315 362
3316 480
3317 387
3318 370
3319 307
3320 309
3321 498
3322 386
3323 384
3324 577
3325 325
3326 326
3327 386
3328 383
3329 473
3330 382
3331 344
3332 768
3333 392
3334 373
3335 388
3336 522
3337 307
3338 309
3339 394
3340 396
3341 368
3342 390
3343 411
3344 385
3345 696
3346 401
3347 366
3348 313
3349 315
3350 364
3351 374
3352 397
3353 393
3354 347
3355 314
3356 331
3357 391
3358 380
3359 578
3360 381
3361 309
3362 313
3363 655
3364 394
3365 388
3366 320
3367 571
3368 382
3369 363
3370 380
3371 340
3372 396
3373 401
3374 375
3375 560
3376 360
3377 309
3378 310
3379 388
3380 467
3381 363
3382 346
3383 401
3384 400
3385 386
3386 374
3387 338
3388 389
3389 546
3390 368
3391 393
3392 336
3393 703
3394 383
3395 383
3396 408
3397 420
3398 384
3399 315
3400 325
3401 397
3402 388
3403 393
3404 325
3405 342
3406 377
3407 379
3408 387
3409 353
3410 308
3411 304
3412 545
3413 375
3414 371
3415 441
3416 312
3417 327
3418 366
3419 391
3420 484
3421 330
3422 353
3423 369
3424 383
3425 642
3426 386
3427 316
3428 318
3429 390
3430 363
3431 368
3432 315
3433 377
3434 481
3435 377
3436 362
3437 379
3438 307
3439 529
3440 363
3441 392
3442 371
3443 382
3444 319
3445 313
3446 393
3447 382
3448 450
3449 391
3450 318
3451 314
3452 393
3453 432
3454 395
3455 400
3456 324
3457 491
3458 382
3459 400
3460 391
3461 639
3462 316
3463 311
3464 368
3465 370
3466 565
3467 356
3468 415
3469 371
3470 381
3471 412
3472 389
3473 368
3474 431
3475 458
3476 383
3477 404
3478 382
3479 323
3480 371
3481 358
3482 397
3483 391
3484 649
3485 423
3486 370
3487 397
3488 457
3489 391
3490 317
3491 310
3492 389
3493 482
3494 373
3495 337
3496 378
3497 372
3498 773
3499 380
3500 389
3501 322
3502 312
3503 386
3504 393
3505 380
3506 516
3507 310
3508 312
3509 370
3510 368
3511 1168
3512 355
3513 571
3514 372
3515 382
3516 397
3517 667
3518 302
3519 304
3520 377
3521 715
3522 374
3523 326
3524 308
3525 727
3526 394
3527 408
3528 345
3529 789
3530 370
3531 405
3532 834
3533 387
3534 319
3535 315
3536 745
3537 380
3538 375
3539 352
3540 738
3541 376
3542 382
3543 399
3544 396
3545 330
3546 401
3547 355
3548 672
3549 392
3550 395
3551 313
3552 315
3553 695
3554 384
3555 379
3556 781
3557 314
3558 313
3559 408
3560 623
3561 389
3562 321
3563 313
3564 390
3565 447
3566 383
3567 378
3568 321
3569 577
3570 375
3571 383
3572 411
3573 588
3574 337
3575 313
3576 371
3577 800
3578 388
3579 372
3580 316
3581 760
3582 386
3583 387
3584 397
3585 327
3586 360
3587 372
3588 398
3589 633
3590 371
3591 309
3592 310
3593 381
3594 378
3595 382
3596 395
3597 311
3598 309
3599 384
3600 380
3601 397
3602 386
3603 730
3604 359
3605 395
3606 385
3607 543
3608 337
3609 346
3610 367
3611 662
3612 390
3613 406
3614 407
3615 365
3616 362
3617 375
3618 384
3619 305
3620 439
3621 386
3622 379
3623 387
3624 571
3625 315
3626 385
3627 396
3628 438
3629 368
3630 408
3631 367
3632 393
3633 466
3634 374
3635 312
3636 310
3637 379
3638 650
3639 381
3640 317
3641 313
3642 447
3643 417
3644 385
3645 331
3646 666
3647 374
3648 391
3649 388
3650 617
3651 316
3652 386
3653 372
3654 367
3655 427
3656 395
3657 335
3658 407
3659 456
3660 395
3661 379
3662 379
3663 308
3664 309
3665 379
3666 370
3667 381
3668 705
3669 394
3670 386
3671 363
3672 388
3673 390
3674 408
3675 387
3676 379
3677 370
3678 388
3679 318
3680 310
3681 369
3682 525
3683 386
3684 392
3685 441
3686 426
3687 372
3688 364
3689 704
3690 375
3691 315
3692 346
3693 378
3694 491
3695 376
3696 389
3697 312
3698 648
3699 394
3700 381
3701 373
3702 485
3703 319
3704 406
3705 394
3706 379
3707 414
3708 397
3709 326
3710 316
3711 415
3712 391
3713 395
3714 331
3715 379
3716 400
3717 388
3718 382
3719 390
3720 466
3721 364
3722 362
3723 387
3724 380
3725 312
3726 338
3727 394
3728 396
3729 375
3730 325
3731 356
3732 381
3733 786
3734 384
3735 356
3736 407
3737 599
3738 386
3739 393
3740 333
3741 685
3742 370
3743 382
3744 695
3745 358
3746 401
3747 359
3748 382
3749 423
3750 381
3751 327
3752 386
3753 610
3754 405
3755 364
3756 382
3757 556
3758 310
3759 380
3760 376
3761 691
3762 338
3763 409
3764 374
3765 633
3766 378
3767 393
3768 315
3769 332
3770 349
3771 382
3772 361
3773 584
3774 406
3775 367
3776 404
3777 674
3778 369
3779 403
3780 386
3781 652
3782 399
3783 392
3784 317
3785 349
3786 538
3787 389
3788 390
3789 658
3790 312
3791 385
3792 416
3793 675
3794 376
3795 312
3796 358
3797 414
3798 383
3799 385
3800 317
3801 313
3802 1012
3803 402
3804 376
3805 374
3806 318
3807 316
3808 390
3809 391
3810 516
3811 383
3812 314
3813 314
3814 380
3815 384
3816 372
3817 387
3818 310
3819 314
3820 520
3821 366
3822 392
3823 325
3824 592
3825 370
3826 391
3827 385
3828 499
3829 321
3830 305
3831 371
3832 691
3833 380
3834 320
3835 333
3836 351
3837 384
3838 370
3839 381
3840 305
3841 311
3842 372
3843 373
3844 374
3845 715
3846 313
3847 386
3848 393
3849 588
3850 341
3851 409
3852 377
3853 393
3854 446
3855 392
3856 326
3857 327
3858 318
3859 596
3860 368
3861 381
3862 681
3863 409
3864 364
3865 390
3866 667
3867 380
3868 311
3869 310
3870 378
3871 899
3872 396
3873 414
3874 318
3875 314
3876 392
3877 403
3878 516
3879 380
3880 409
3881 386
3882 401
3883 414
3884 384
3885 359
3886 406
3887 370
3888 399
3889 377
3890 393
3891 351
3892 312
3893 388
3894 405
3895 381
3896 541
3897 399
3898 366
3899 376
3900 394
3901 375
3902 322
3903 316
3904 388
3905 378
3906 377
3907 401
3908 315
3909 355
3910 386
3911 634
3912 384
3913 386
3914 314
3915 405
3916 378
3917 432
3918 386
3919 611
3920 305
3921 386
3922 378
3923 634
3924 331
3925 407
3926 535
3927 517
3928 386
3929 375
3930 315
3931 435
3932 375
3933 398
3934 387
3935 427
3936 319
3937 334
3938 394
3939 382
3940 500
3941 369
3942 410
3943 363
3944 551
3945 364
3946 389
3947 311
3948 346
3949 370
3950 384
3951 385
3952 323
3953 599
3954 374
3955 387
3956 377
3957 420
3958 310
3959 339
3960 369
3961 388
3962 412
3963 392
3964 316
3965 316
3966 382
3967 576
3968 392
3969 368
3970 401
3971 586
3972 368
3973 383
3974 400
3975 312
3976 314
3977 378
3978 362
3979 388
3980 373
3981 327
3982 312
3983 384
3984 399
3985 363
3986 386
3987 318
3988 321
3989 578
3990 368
3991 378
3992 336
3993 620
3994 371
3995 378
3996 373
3997 357
3998 311
3999 347
4000 408
4001 694
4002 381
4003 316
4004 313
4005 391
4006 379
4007 382
4008 375
4009 311
4010 311
4011 550
4012 376
4013 391
4014 373
4015 734
4016 369
4017 388
4018 440
4019 386
4020 315
4021 365
4022 402
4023 368
4024 372
4025 390
4026 419
4027 372
4028 648
4029 390
4030 384
4031 397
4032 564
4033 389
4034 391
4035 382
4036 434
4037 392
4038 382
4039 394
4040 487
4041 315
4042 351
4043 432
4044 382
4045 678
4046 336
4047 385
4048 382
4049 413
4050 410
4051 388
4052 313
4053 343
4054 398
4055 387
4056 382
4057 327
4058 315
4059 499
4060 393
4061 385
4062 386
4063 385
4064 316
4065 316
4066 388
4067 380
4068 396
4069 396
4070 314
4071 313
4072 390
4073 679
4074 389
4075 378
4076 319
4077 408
4078 373
4079 409
4080 417
4081 705
4082 372
4083 372
4084 388
4085 679
4086 332
4087 346
4088 387
4089 745
4090 390
4091 377
4092 317
4093 375
4094 378
4095 389
4096 393
4097 440
4098 317
4099 397
4100 376
4101 383
4102 510
4103 322
4104 316
4105 385
4106 381
4107 383
4108 371
4109 311
4110 313
4111 383
4112 493
4113 387
4114 377
4115 312
4116 318
4117 616
4118 381
4119 379
4120 335
4121 493
4122 374
4123 382
4124 378
4125 489
4126 328
4127 310
4128 369
4129 390
4130 678
4131 374
4132 314
4133 316
4134 595
4135 384
4136 370
4137 326
4138 349
4139 575
4140 387
4141 375
4142 689
4143 319
4144 314
4145 370
4146 494
4147 389
4148 344
4149 379
4150 372
4151 497
4152 386
4153 388
4154 404
4155 369
4156 573
4157 384
4158 386
4159 563
4160 317
4161 316
4162 386
4163 398
4164 639
4165 356
4166 399
4167 383
4168 672
4169 383
4170 391
4171 317
4172 325
4173 368
4174 384
4175 371
4176 381
4177 310
4178 310
4179 382
4180 363
4181 371
4182 492
4183 325
4184 321
4185 372
4186 373
4187 360
4188 405
4189 338
4190 369
4191 377
4192 389
4193 407
4194 379
4195 322
4196 679
4197 400
4198 380
4199 543
4200 327
4201 325
4202 371
4203 396
4204 481
4205 380
4206 322
4207 315
4208 384
4209 660
4210 387
4211 378
4212 312
4213 512
4214 397
4215 373
4216 380
4217 312
4218 346
4219 360
4220 377
4221 682
4222 387
4223 315
4224 311
4225 382
4226 495
4227 385
4228 400
4229 406
4230 371
4231 380
4232 388
4233 378
4234 332
4235 731
4236 373
4237 382
4238 615
4239 374
4240 412
4241 371
4242 395
4243 396
4244 363
4245 330
4246 359
4247 661
4248 369
4249 385
4250 476
4251 310
4252 313
4253 407
4254 385
4255 504
4256 328
4257 319
4258 375
4259 384
4260 708
4261 380
4262 317
4263 382
4264 371
4265 366
4266 386
4267 401
4268 361
4269 533
4270 389
4271 384
4272 379
4273 457
4274 317
4275 314
4276 398
4277 404
4278 388
4279 382
4280 325
4281 319
4282 372
4283 379
4284 367
4285 390
4286 328
4287 313
4288 357
4289 389
4290 381
4291 406
4292 412
4293 405
4294 365
4295 380
4296 588
4297 385
4298 310
4299 316
4300 390
4301 648
4302 400
4303 322
4304 395
4305 646
4306 418
4307 377
4308 750
4309 317
4310 321
4311 385
4312 381
4313 533
4314 381
4315 328
4316 416
4317 518
4318 410
4319 383
4320 367
4321 312
4322 488
4323 369
4324 383
4325 376
4326 404
4327 333
4328 391
4329 371
4330 710
4331 387
4332 387
4333 408
4334 655
4335 389
4336 375
4337 369
4338 463
4339 310
4340 318
4341 373
4342 365
4343 480
4344 389
4345 327
4346 310
4347 375
4348 393
4349 378
4350 396
4351 551
4352 375
4353 388
4354 387
4355 685
4356 310
4357 375
4358 398
4359 412
4360 387
4361 311
4362 342
4363 380
4364 449
4365 405
4366 378
4367 314
4368 704
4369 398
4370 379
4371 616
4372 341
4373 369
4374 383
4375 405
4376 493
4377 386
4378 332
4379 320
4380 717
4381 383
4382 392
4383 370
4384 426
4385 381
4386 376
4387 387
4388 477
4389 317
4390 355
4391 381
4392 395
4393 736
4394 329
4395 356
4396 381
4397 577
4398 389
4399 361
4400 410
4401 639
4402 401
4403 401
4404 378
4405 404
4406 408
4407 377
4408 391
4409 628
4410 362
4411 405
4412 364
4413 649
4414 378
4415 367
4416 312
4417 686
4418 375
4419 383
4420 718
4421 323
4422 312
4423 375
4424 691
4425 379
4426 318
4427 356
4428 757
4429 402
4430 372
4431 624
4432 314
4433 344
4434 389
4435 370
4436 606
4437 395
4438 352
4439 347
4440 580
4441 398
4442 375
4443 684
4444 314
4445 392
4446 369
4447 819
4448 362
4449 412
4450 373
4451 755
4452 395
4453 387
4454 310
4455 310
4456 371
4457 374
4458 381
4459 571
4460 397
4461 420
4462 371
4463 732
4464 397
4465 311
4466 314
4467 393
4468 606
4469 375
4470 385
4471 353
4472 321
4473 374
4474 391
4475 394
4476 450
4477 411
4478 379
4479 382
4480 385
4481 600
4482 330
4483 372
4484 371
4485 429
4486 370
4487 386
4488 310
4489 314
4490 528
4491 389
4492 383
4493 321
4494 725
4495 373
4496 401
4497 381
4498 495
4499 342
4500 375
4501 372
4502 623
4503 391
4504 365
4505 314
4506 310
4507 572
4508 382
4509 374
4510 441
4511 309
4512 312
4513 390
4514 397
4515 638
4516 328
4517 359
4518 378
4519 365
4520 499
4521 383
4522 326
4523 312
4524 311
4525 467
4526 390
4527 452
4528 402
4529 326
4530 342
4531 372
4532 440
4533 425
4534 376
4535 321
4536 348
4537 381
4538 588
4539 387
4540 363
4541 316
4542 517
4543 381
4544 379
4545 389
4546 531
4547 407
4548 369
4549 374
4550 659
4551 396
4552 324
4553 311
4554 382
4555 613
4556 378
4557 385
4558 310
4559 576
4560 376
4561 381
4562 729
4563 398
4564 421
4565 370
4566 791
4567 388
4568 375
4569 323
4570 846
4571 378
4572 391
4573 494
4574 329
4575 362
4576 369
4577 379
4578 778
4579 397
4580 312
4581 315
4582 722
4583 380
4584 396
4585 635
4586 306
4587 367
4588 367
4589 717
4590 377
4591 420
4592 365
4593 693
4594 404
4595 381
4596 318
4597 314
4598 530
4599 366
4600 388
4601 745
4602 315
4603 314
4604 387
4605 371
4606 527
4607 393
4608 328
4609 348
4610 685
4611 385
4612 390
4613 706
4614 310
4615 313
4616 368
4617 384
4618 566
4619 384
4620 317
4621 309
4622 378
4623 435
4624 387
4625 387
4626 680
4627 312
4628 378
4629 386
4630 737
4631 373
4632 405
4633 362
4634 691
4635 370
4636 386
4637 317
4638 716
4639 400
4640 387
4641 685
4642 315
4643 317
4644 388
4645 758
4646 367
4647 378
4648 412
4649 764
4650 371
4651 371
4652 737
4653 325
4654 312
4655 385
4656 382
4657 389
4658 389
4659 310
4660 315
4661 401
4662 383
4663 373
4664 401
4665 312
4666 328
4667 757
4668 388
4669 395
4670 357
4671 406
4672 358
4673 396
4674 384
4675 534
4676 310
4677 306
4678 370
4679 376
4680 506
4681 386
4682 317
4683 310
4684 665
4685 372
4686 915
4687 379
4688 402
4689 366
4690 394
4691 384
4692 383
4693 311
4694 311
4695 391
4696 524
4697 410
4698 371
4699 408
4700 417
4701 384
4702 416
4703 386
4704 311
4705 354
4706 367
4707 364
4708 386
4709 614
4710 312
4711 312
4712 393
4713 388
4714 381
4715 371
4716 324
4717 405
4718 377
4719 373
4720 394
4721 377
4722 318
4723 318
4724 409
4725 377
4726 413
4727 383
4728 784
4729 376
4730 384
4731 370
4732 390
4733 319
4734 316
4735 397
4736 399
4737 373
4738 380
4739 308
4740 310
4741 375
4742 566
4743 370
4744 387
4745 309
4746 407
4747 381
4748 366
4749 385
4750 556
4751 309
4752 304
4753 365
4754 390
4755 514
4756 402
4757 316
4758 307
4759 392
4760 607
4761 372
4762 371
4763 700
4764 314
4765 320
4766 385
4767 398
4768 804
4769 378
4770 320
4771 454
4772 374
4773 379
4774 394
4775 465
4776 407
4777 373
4778 402
4779 410
4780 530
4781 325
4782 318
4783 397
4784 389
4785 369
4786 395
4787 405
4788 363
4789 514
4790 361
4791 379
4792 309
4793 354
4794 567
4795 392
4796 385
4797 317
4798 312
4799 394
4800 388
4801 380
4802 384
4803 559
4804 376
4805 405
4806 384
4807 684
4808 318
4809 330
4810 381
4811 642
4812 396
4813 331
4814 411
4815 374
4816 372
4817 396
4818 387
4819 315
4820 353
4821 357
4822 369
4823 372
4824 397
4825 554
4826 406
4827 373
4828 388
4829 488
4830 387
4831 405
4832 369
4833 403
4834 361
4835 385
4836 321
4837 327
4838 365
4839 505
4840 371
4841 369
4842 414
4843 316
4844 382
4845 400
4846 388
4847 405
4848 314
4849 312
4850 380
4851 378
4852 621
4853 378
4854 314
4855 324
4856 626
4857 384
4858 389
4859 323
4860 655
4861 369
4862 382
4863 796
4864 377
4865 405
4866 399
4867 445
4868 371
4869 400
4870 315
4871 317
4872 640
4873 379
4874 384
4875 389
4876 645
4877 385
4878 411
4879 386
4880 388
4881 320
4882 312
4883 382
4884 393
4885 469
4886 397
4887 317
4888 314
4889 396
4890 501
4891 403
4892 381
4893 321
4894 562
4895 373
4896 373
4897 376
4898 385
4899 318
4900 336
4901 377
4902 687
4903 368
4904 325
4905 389
4906 743
4907 394
4908 383
4909 392
4910 312
4911 334
4912 377
4913 388
4914 482
4915 322
4916 340
4917 377
4918 372
4919 536
4920 377
4921 303
4922 300
4923 370
4924 355
4925 368
4926 319
4927 301
4928 478
4929 391
4930 390
4931 361
4932 741
4933 370
4934 378
4935 391
4936 380
4937 318
4938 312
4939 380
4940 383
4941 526
4942 347
4943 407
4944 389
4945 395
4946 494
4947 383
4948 331
4949 333
4950 671
4951 392
4952 381
4953 452
4954 417
4955 375
4956 388
4957 365
4958 414
4959 317
4960 311
4961 394
4962 386
4963 634
4964 387
4965 310
4966 340
4967 453
4968 387
4969 389
4970 330
4971 317
4972 335
4973 368
4974 395
4975 375
4976 365
4977 659
4978 369
4979 435
4980 450
4981 358
4982 406
4983 362
4984 392
4985 494
4986 406
4987 316
4988 346
4989 377
4990 538
4991 384
4992 322
4993 356
4994 462
4995 382
4996 382
4997 382
4998 313
4999 453
5000 383
5001 392
5002 384
5003 715
5004 330
5005 401
5006 383
5007 511
5008 396
5009 312
5010 336
5011 393
5012 498
5013 387
5014 395
5015 317
5016 324
5017 496
5018 375
5019 390
5020 367
5021 314
5022 417
5023 366
5024 384
5025 562
5026 358
5027 412
5028 378
5029 596
5030 401
5031 406
5032 426
5033 372
5034 388
5035 383
5036 383
5037 333
5038 317
5039 366
5040 402
5041 390
5042 396
5043 379
5044 408
5045 386
5046 369
5047 661
5048 362
5049 313
5050 334
5051 385
5052 364
5053 403
5054 321
5055 307
5056 470
5057 364
5058 381
5059 327
5060 353
5061 548
5062 396
5063 392
5064 448
5065 317
5066 311
5067 368
5068 381
5069 481
5070 335
5071 313
5072 327
5073 395
5074 731
5075 380
5076 320
5077 347
5078 368
5079 357
5080 375
5081 409
5082 310
5083 405
5084 362
5085 377
5086 386
5087 645
5088 312
5089 376
5090 373
5091 407
5092 394
5093 406
5094 378
5095 378
5096 468
5097 393
5098 329
5099 370
5100 377
5101 553
5102 379
5103 382
5104 319
5105 390
5106 369
5107 398
5108 400
5109 558
5110 312
5111 310
5112 391
5113 383
5114 587
5115 389
5116 316
5117 307
5118 708
5119 377
5120 373
5121 334
5122 501
5123 367
5124 380
5125 373
5126 441
5127 305
5128 303
5129 387
5130 379
5131 591
5132 398
5133 321
5134 328
5135 615
5136 380
5137 388
5138 331
5139 579
5140 365
5141 387
5142 383
5143 652
5144 309
5145 308
5146 372
5147 374
5148 414
5149 392
5150 321
5151 314
5152 379
5153 376
5154 392
5155 375
5156 369
5157 407
5158 365
5159 375
5160 385
5161 597
5162 310
5163 311
5164 379
5165 386
5166 385
5167 395
5168 310
5169 311
5170 893
5171 402
5172 371
5173 443
5174 315
5175 314
5176 395
5177 387
5178 620
5179 336
5180 410
5181 431
5182 502
5183 385
5184 385
5185 399
5186 359
5187 530
5188 373
5189 376
5190 326
5191 711
5192 382
5193 388
5194 396
5195 361
5196 316
5197 314
5198 376
5199 375
5200 503
5201 378
5202 328
5203 320
5204 378
5205 555
5206 410
5207 374
5208 648
5209 391
5210 357
5211 382
5212 624
5213 392
5214 309
5215 309
5216 385
5217 479
5218 386
5219 373
5220 317
5221 684
5222 380
5223 375
5224 727
5225 366
5226 310
5227 360
5228 372
5229 741
5230 372
5231 389
5232 804
5233 366
5234 368
5235 376
5236 373
5237 333
5238 378
5239 382
5240 372
5241 375
5242 370
5243 360
5244 403
5245 671
5246 376
5247 373
5248 711
5249 312
5250 313
5251 384
5252 823
5253 394
5254 330
5255 364
5256 757
5257 392
5258 395
5259 765
5260 305
5261 303
5262 367
5263 673
5264 384
5265 304
5266 300
5267 658
5268 382
5269 356
5270 684
5271 305
5272 368
5273 370
5274 650
5275 414
5276 395
5277 361
5278 680
5279 382
5280 388
5281 340
5282 312
5283 392
5284 384
5285 395
5286 341
5287 401
5288 369
5289 377
5290 368
5291 523
5292 324
5293 344
5294 369
5295 423
5296 373
5297 395
5298 313
5299 313
5300 541
5301 390
5302 397
5303 341
5304 673
5305 402
5306 384
5307 686
5308 312
5309 310
5310 361
5311 383
5312 369
5313 325
5314 357
5315 354
5316 476
5317 384
5318 377
5319 310
5320 311
5321 721
5322 382
5323 370
5324 309
5325 623
5326 377
5327 381
5328 384
5329 466
5330 343
5331 311
5332 373
5333 380
5334 442
5335 366
5336 325
5337 312
5338 630
5339 377
5340 355
5341 329
5342 668
5343 362
5344 370
5345 682
5346 380
5347 310
5348 314
5349 389
5350 405
5351 385
5352 322
5353 328
5354 373
5355 375
5356 378
5357 377
5358 330
5359 311
5360 626
5361 378
5362 385
5363 410
5364 327
5365 312
5366 376
5367 394
5368 478
5369 384
5370 403
5371 363
5372 393
5373 656
5374 392
5375 325
5376 408
5377 414
5378 399
5379 366
5380 370
5381 319
5382 503
5383 382
5384 384
5385 405
5386 623
5387 323
5388 324
5389 376
5390 741
5391 389
5392 357
5393 397
5394 428
5395 375
5396 381
5397 382
5398 307
5399 306
5400 363
5401 385
5402 395
5403 723
5404 307
5405 322
5406 377
5407 565
5408 370
5409 322
5410 328
5411 368
5412 484
5413 388
5414 387
5415 318
5416 529
5417 369
5418 399
5419 389
5420 407
5421 318
5422 312
5423 380
5424 395
5425 393
5426 394
5427 319
5428 387
5429 374
5430 698
5431 379
5432 399
5433 312
5434 520
5435 395
5436 380
5437 371
5438 550
5439 408
5440 388
5441 368
5442 674
5443 397
5444 314
5445 318
5446 397
5447 368
5448 369
5449 317
5450 338
5451 350
5452 372
5453 396
5454 385
5455 318
5456 625
5457 371
5458 394
5459 573
5460 318
5461 308
5462 368
5463 371
5464 557
5465 411
5466 317
5467 315
5468 383
5469 440
5470 380
5471 392
5472 320
5473 441
5474 381
5475 402
5476 393
5477 389
5478 318
5479 408
5480 372
5481 394
5482 657
5483 373
5484 310
5485 311
5486 379
5487 356
5488 374
5489 381
5490 322
5491 315
5492 384
5493 403
5494 393
5495 392
5496 423
5497 398
5498 368
5499 401
5500 549
5501 400
5502 307
5503 308
5504 381
5505 384
5506 407
5507 349
5508 406
5509 383
5510 554
5511 389
5512 389
5513 321
5514 497
5515 373
5516 393
5517 401
5518 550
5519 322
5520 317
5521 377
5522 374
5523 428
5524 1019
5525 391
5526 326
5527 312
5528 380
5529 602
5530 383
5531 366
5532 309
5533 309
5534 467
5535 379
5536 374
5537 324
5538 376
5539 519
5540 386
5541 368
5542 579
5543 313
5544 318
5545 373
5546 395
5547 366
5548 321
5549 381
5550 359
5551 359
5552 381
5553 396
5554 331
5555 311
5556 374
5557 579
5558 380
5559 385
5560 308
5561 487
5562 376
5563 398
5564 382
5565 404
5566 308
5567 321
5568 375
5569 381
5570 434
5571 377
5572 307
5573 315
5574 638
5575 378
5576 378
5577 379
5578 657
5579 371
5580 384
5581 388
5582 485
5583 330
5584 317
5585 313
5586 390
5587 376
5588 392
5589 323
5590 370
5591 378
5592 361
5593 354
5594 392
5595 310
5596 308
5597 662
5598 373
5599 390
5600 408
5601 313
5602 312
5603 408
5604 395
5605 506
5606 329
5607 381
5608 380
5609 371
5610 514
5611 403
5612 319
5613 314
5614 400
5615 369
5616 393
5617 383
5618 310
5619 316
5620 360
5621 389
5622 386
5623 405
5624 693
5625 380
5626 374
5627 391
5628 460
5629 370
5630 414
5631 391
5632 430
5633 391
5634 400
5635 313
5636 348
5637 380
5638 378
5639 393
5640 380
5641 328
5642 649
5643 374
5644 395
5645 380
5646 322
5647 365
5648 371
5649 399
5650 499
5651 389
5652 311
5653 315
5654 393
5655 711
5656 382
5657 329
5658 382
5659 360
5660 380
5661 397
5662 379
5663 321
5664 316
5665 382
5666 365
5667 406
5668 688
5669 404
5670 372
5671 369
5672 374
5673 371
5674 340
5675 332
5676 377
5677 381
5678 365
5679 383
5680 316
5681 305
5682 368
5683 438
5684 374
5685 386
5686 319
5687 496
5688 375
5689 388
5690 398
5691 491
5692 312
5693 310
5694 377
5695 371
5696 415
5697 381
5698 316
5699 310
5700 378
5701 366
5702 371
5703 329
5704 382
5705 489
5706 423
5707 384
5708 388
5709 727
5710 373
5711 389
5712 387
5713 403
5714 364
5715 402
5716 365
5717 387
5718 411
5719 383
5720 359
5721 407
5722 661
5723 397
5724 392
5725 409
5726 414
5727 379
5728 383
5729 394
5730 593
5731 313
5732 317
5733 375
5734 395
5735 702
5736 365
5737 304
5738 312
5739 355
5740 369
5741 364
5742 370
5743 313
5744 552
5745 362
5746 367
5747 374
5748 468
5749 319
5750 347
5751 372
5752 491
5753 390
5754 361
5755 310
5756 312
5757 667
5758 390
5759 402
5760 327
5761 654
5762 378
5763 394
5764 402
5765 531
5766 336
5767 415
5768 370
5769 648
5770 382
5771 387
5772 313
5773 313
5774 505
5775 375
5776 392
5777 642
5778 304
5779 305
5780 418
5781 695
5782 388
5783 312
5784 307
5785 695
5786 378
5787 385
5788 329
5789 765
5790 350
5791 407
5792 382
5793 403
5794 431
5795 317
5796 312
5797 679
5798 395
5799 393
5800 330
5801 669
5802 386
5803 399
5804 716
5805 310
5806 298
5807 358
5808 625
5809 359
5810 321
5811 372
5812 603
5813 381
5814 382
5815 346
5816 662
5817 379
5818 387
5819 395
5820 501
5821 332
5822 369
5823 387
5824 741
5825 396
5826 391
5827 314
5828 313
5829 569
5830 400
5831 395
5832 725
5833 319
5834 407
5835 377
5836 731
5837 378
5838 381
5839 309
5840 337
5841 399
5842 378
5843 377
5844 323
5845 468
5846 379
5847 385
5848 378
5849 771
5850 305
5851 304
5852 358
5853 418
5854 389
5855 342
5856 310
5857 360
5858 636
5859 383
5860 407
5861 310
5862 313
5863 576
5864 375
5865 357
5866 596
5867 330
5868 310
5869 391
5870 800
5871 393
5872 378
5873 416
5874 773
5875 384
5876 385
5877 686
5878 314
5879 310
5880 373
5881 739
5882 369
5883 313
5884 298
5885 303
5886 529
5887 381
5888 392
5889 648
5890 309
5891 311
5892 383
5893 791
5894 390
5895 345
5896 317
5897 792
5898 378
5899 396
5900 697
5901 321
5902 315
5903 382
5904 410
5905 385
5906 361
5907 422
5908 372
5909 448
5910 376
5911 374
5912 322
5913 316
5914 752
5915 398
5916 388
5917 329
5918 413
5919 383
5920 390
5921 374
5922 411
5923 318
5924 310
5925 385
5926 381
5927 662
5928 395
5929 311
5930 317
5931 598
5932 389
5933 367
5934 377
5935 604
5936 317
5937 389
5938 379
5939 685
5940 334
5941 388
5942 387
5943 385
5944 394
5945 396
5946 322
5947 319
5948 358
5949 389
5950 391
5951 396
5952 330
5953 310
5954 623
5955 365
5956 400
5957 527
5958 304
5959 306
5960 370
5961 374
5962 387
5963 369
5964 310
5965 347
5966 732
5967 387
5968 392
5969 322
5970 370
5971 377
5972 401
5973 389
5974 475
5975 317
5976 347
5977 385
5978 388
5979 781
5980 324
5981 327
5982 397
5983 445
5984 374
5985 395
5986 316
5987 316
5988 397
5989 373
5990 392
5991 380
5992 777
5993 402
5994 372
5995 378
5996 694
5997 384
5998 317
5999 363
6000 378
6001 510
6002 381
6003 386
6004 320
6005 599
6006 366
6007 400
6008 762
6009 352
6010 415
6011 378
6012 808
6013 389
6014 383
6015 311
6016 704
6017 360
6018 372
6019 807
6020 317
6021 310
6022 382
6023 699
6024 388
6025 370
6026 411
6027 691
6028 386
6029 382
6030 804
6031 315
6032 350
6033 384
6034 380
6035 515
6036 395
6037 326
6038 363
6039 717
6040 374
6041 386
6042 418
6043 314
6044 314
6045 405
6046 395
6047 569
6048 331
6049 365
6050 389
6051 410
6052 466
6053 389
6054 326
6055 365
6056 560
6057 410
6058 379
6059 384
6060 671
6061 369
6062 392
6063 744
6064 357
6065 400
6066 373
6067 708
6068 361
6069 370
6070 310
6071 621
6072 392
6073 378
6074 709
6075 318
6076 328
6077 369
6078 368
6079 482
6080 357
6081 331
6082 313
6083 343
6084 430
6085 381
6086 374
6087 328
6088 668
6089 363
6090 395
6091 689
6092 318
6093 352
6094 357
6095 721
6096 354
6097 323
6098 736
6099 368
6100 376
6101 801
6102 330
6103 312
6104 371
6105 602
6106 375
6107 329
6108 372
6109 677
6110 382
6111 383
6112 723
6113 310
6114 378
6115 378
6116 685
6117 345
6118 404
6119 372
6120 747
6121 382
6122 400
6123 313
6124 601
6125 376
6126 399
6127 397
6128 381
6129 311
6130 319
6131 377
6132 375
6133 378
6134 387
6135 321
6136 316
6137 409
6138 636
6139 378
6140 389
6141 311
6142 392
6143 379
6144 384
6145 372
6146 517
6147 313
6148 311
6149 380
6150 728
6151 397
6152 333
6153 326
6154 406
6155 385
6156 390
6157 363
6158 405
6159 462
6160 375
6161 397
6162 389
6163 572
6164 419
6165 373
6166 398
6167 404
6168 377
6169 302
6170 309
6171 390
6172 465
6173 398
6174 374
6175 316
6176 681
6177 374
6178 387
6179 763
6180 321
6181 411
6182 358
6183 690
6184 398
6185 362
6186 416
6187 741
6188 387
6189 390
6190 758
6191 314
6192 340
6193 391
6194 409
6195 374
6196 328
6197 375
6198 384
6199 488
6200 377
6201 393
6202 411
6203 359
6204 723
6205 378
6206 400
6207 591
6208 430
6209 394
6210 417
6211 478
6212 316
6213 346
6214 372
6215 664
6216 389
6217 371
6218 311
6219 314
6220 681
6221 377
6222 374
6223 624
6224 313
6225 338
6226 377
6227 722
6228 385
6229 329
6230 407
6231 369
6232 416
6233 383
6234 370
6235 314
6236 320
6237 384
6238 378
6239 372
6240 728
6241 315
6242 397
6243 380
6244 395
6245 388
6246 408
6247 372
6248 395
6249 414
6250 397
6251 316
6252 313
6253 368
6254 629
6255 405
6256 398
6257 327
6258 412
6259 380
6260 388
6261 382
6262 435
6263 342
6264 339
6265 381
6266 721
6267 397
6268 361
6269 312
6270 336
6271 547
6272 385
6273 381
6274 660
6275 313
6276 313
6277 369
6278 809
6279 379
6280 315
6281 312
6282 781
6283 401
6284 405
6285 371
6286 314
6287 316
6288 378
6289 382
6290 479
6291 331
6292 357
6293 376
6294 377
6295 809
6296 396
6297 316
6298 352
6299 576
6300 385
6301 387
6302 328
6303 688
6304 393
6305 400
6306 680
6307 324
6308 308
6309 375
6310 683
6311 395
6312 319
6313 336
6314 701
6315 386
6316 376
6317 658
6318 313
6319 369
6320 386
6321 389
6322 364
6323 420
6324 368
6325 378
6326 361
6327 394
6328 319
6329 413
6330 374
6331 820
6332 388
6333 395
6334 603
6335 375
6336 385
6337 368
6338 713
6339 321
6340 314
6341 373
6342 384
6343 449
6344 381
6345 330
6346 385
6347 487
6348 364
6349 377
6350 393
6351 307
6352 305
6353 371
6354 361
6355 374
6356 665
6357 312
6358 310
6359 409
6360 574
6361 388
6362 321
6363 355
6364 390
6365 572
6366 396
6367 382
6368 320
6369 587
6370 366
6371 379
6372 388
6373 369
6374 302
6375 304
6376 366
6377 367
6378 382
6379 381
6380 314
6381 315
6382 416
6383 757
6384 395
6385 382
6386 307
6387 509
6388 390
6389 373
6390 395
6391 556
6392 316
6393 313
6394 381
6395 680
6396 389
6397 331
6398 357
6399 388
6400 596
6401 377
6402 395
6403 330
6404 579
6405 353
6406 373
6407 811
6408 367
6409 315
6410 313
6411 396
6412 389
6413 376
6414 357
6415 395
6416 478
6417 385
6418 377
6419 397
6420 313
6421 486
6422 378
6423 367
6424 368
6425 381
6426 310
6427 311
6428 373
6429 384
6430 392
6431 392
6432 318
6433 320
6434 356
6435 727
6436 376
6437 383
6438 324
6439 731
6440 396
6441 405
6442 401
6443 336
6444 312
6445 378
6446 369
6447 487
6448 411
6449 403
6450 379
6451 386
6452 581
6453 379
6454 325
6455 338
6456 401
6457 383
6458 383
6459 388
6460 308
6461 310
6462 380
6463 376
6464 399
6465 707
6466 314
6467 314
6468 373
6469 586
6470 366
6471 338
6472 388
6473 365
6474 615
6475 381
6476 379
6477 607
6478 312
6479 374
6480 382
6481 680
6482 368
6483 311
6484 313
6485 386
6486 629
6487 394
6488 395
6489 311
6490 738
6491 400
6492 382
6493 429
6494 328
6495 314
6496 397
6497 415
6498 440
6499 371
6500 410
6501 376
6502 390
6503 476
6504 368
6505 330
6506 372
6507 417
6508 396
6509 385
6510 372
6511 311
6512 337
6513 372
6514 388
6515 392
6516 328
6517 743
6518 379
6519 382
6520 438
6521 393
6522 330
6523 351
6524 382
6525 561
6526 392
6527 341
6528 317
6529 389
6530 631
6531 377
6532 385
6533 314
6534 353
6535 596
6536 383
6537 409
6538 437
6539 325
6540 316
6541 373
6542 391
6543 477
6544 368
6545 417
6546 374
6547 393
6548 523
6549 377
6550 339
6551 337
6552 439
6553 379
6554 390
6555 404
6556 403
6557 403
6558 388
6559 378
6560 404
6561 544
6562 411
6563 371
6564 392
6565 469
6566 405
6567 416
6568 374
6569 373
6570 395
6571 371
6572 319
6573 326
6574 712
6575 375
6576 384
6577 402
6578 509
6579 368
6580 375
6581 384
6582 487
6583 314
6584 319
6585 408
6586 397
6587 581
6588 351
6589 313
6590 316
6591 379
6592 347
6593 364
6594 375
6595 318
6596 312
6597 472
6598 411
6599 387
6600 706
6601 318
6602 315
6603 379
6604 477
6605 427
6606 329
6607 365
6608 383
6609 392
6610 388
6611 382
6612 316
6613 319
6614 629
6615 386
6616 376
6617 505
6618 415
6619 388
6620 391
6621 381
6622 403
6623 315
6624 319
6625 375
6626 367
6627 699
6628 395
6629 311
6630 318
6631 500
6632 362
6633 395
6634 373
6635 313
6636 420
6637 387
6638 404
6639 382
6640 707
6641 312
6642 311
6643 401
6644 368
6645 372
6646 382
6647 313
6648 314
6649 384
6650 413
6651 384
6652 367
6653 392
6654 366
6655 372
6656 355
6657 376
6658 675
6659 410
6660 364
6661 387
6662 501
6663 397
6664 319
6665 312
6666 391
6667 686
6668 364
6669 377
6670 310
6671 320
6672 348
6673 370
6674 379
6675 588
6676 315
6677 314
6678 393
6679 376
6680 612
6681 372
6682 393
6683 342
6684 472
6685 390
6686 377
6687 309
6688 332
6689 571
6690 374
6691 386
6692 399
6693 509
6694 402
6695 353
6696 373
6697 735
6698 377
6699 301
6700 306
6701 570
6702 383
6703 392
6704 322
6705 596
6706 373
6707 378
6708 556
6709 305
6710 303
6711 385
6712 381
6713 405
6714 382
6715 387
6716 361
6717 672
6718 373
6719 342
6720 385
6721 458
6722 380
6723 382
6724 538
6725 390
6726 361
6727 379
6728 381
6729 479
6730 341
6731 338
6732 352
6733 664
6734 381
6735 395
6736 316
6737 352
6738 723
6739 371
6740 373
6741 647
6742 309
6743 302
6744 357
6745 726
6746 388
6747 329
6748 370
6749 377
6750 380
6751 369
6752 384
6753 320
6754 435
6755 394
6756 386
6757 387
6758 729
6759 315
6760 372
6761 399
6762 508
6763 401
6764 311
6765 314
6766 383
6767 1057
6768 373
6769 384
6770 327
6771 328
6772 394
6773 392
6774 447
6775 353
6776 399
6777 368
6778 683
6779 390
6780 382
6781 404
6782 700
6783 404
6784 377
6785 381
6786 315
6787 389
6788 378
6789 390
6790 382
6791 417
6792 316
6793 309
6794 392
6795 391
6796 547
6797 378
6798 309
6799 343
6800 442
6801 397
6802 407
6803 318
6804 323
6805 510
6806 398
6807 376
6808 396
6809 776
6810 372
6811 387
6812 382
6813 352
6814 354
6815 405
6816 365
6817 680
6818 385
6819 403
6820 410
6821 678
6822 398
6823 391
6824 391
6825 314
6826 340
6827 396
6828 390
6829 379
6830 369
6831 310
6832 334
6833 384
6834 1034
6835 368
6836 364
6837 307
6838 329
6839 363
6840 374
6841 393
6842 462
6843 307
6844 361
6845 355
6846 736
6847 316
6848 300
6849 350
6850 584
6851 395
6852 356
6853 402
6854 686
6855 389
6856 378
6857 712
6858 405
6859 371
6860 383
6861 413
6862 377
6863 314
6864 322
6865 385
6866 499
6867 379
6868 323
6869 321
6870 380
6871 776
6872 390
6873 389
6874 399
6875 493
6876 395
6877 396
6878 681
6879 314
6880 313
6881 380
6882 386
6883 461
6884 404
6885 315
6886 313
6887 390
6888 394
6889 366
6890 376
6891 314
6892 335
6893 399
6894 388
6895 389
6896 334
6897 763
6898 383
6899 392
6900 599
6901 331
6902 373
6903 379
6904 407
6905 559
6906 387
6907 318
6908 312
6909 372
6910 458
6911 380
6912 374
6913 328
6914 369
6915 368
6916 380
6917 394
6918 505
6919 315
6920 313
6921 362
6922 385
6923 693
6924 359
6925 414
6926 369
6927 730
6928 371
6929 365
6930 318
6931 314
6932 379
6933 374
6934 380
6935 403
6936 318
6937 474
6938 372
6939 412
6940 387
6941 702
6942 314
6943 310
6944 383
6945 428
6946 377
6947 373
6948 408
6949 415
6950 467
6951 378
6952 365
6953 315
6954 311
6955 596
6956 391
6957 384
6958 321
6959 429
6960 356
6961 385
6962 391
6963 491
6964 311
6965 312
6966 386
6967 387
6968 618
6969 329
6970 383
6971 356
6972 450
6973 387
6974 365
6975 319
6976 880
6977 385
6978 376
6979 376
6980 342
6981 379
6982 365
6983 392
6984 385
6985 417
6986 316
6987 381
6988 335
6989 369
6990 474
6991 372
6992 311
6993 304
6994 658
6995 388
6996 367
6997 699
6998 405
6999 364
7000 389
7001 785
7002 382
7003 310
7004 311
7005 389
7006 571
7007 391
7008 377
7009 326
7010 608
7011 373
7012 388
7013 743
7014 395
7015 311
7016 311
7017 402
7018 562
7019 380
7020 373
7021 311
7022 719
7023 387
7024 400
7025 688
7026 320
7027 364
7028 370
7029 729
7030 383
7031 402
7032 313
7033 359
7034 738
7035 378
7036 375
7037 660
7038 319
7039 314
7040 359
7041 758
7042 397
7043 386
7044 312
7045 346
7046 557
7047 380
7048 368
7049 742
7050 323
7051 314
7052 391
7053 769
7054 385
7055 381
7056 419
7057 732
7058 375
7059 997
7060 382
7061 319
7062 315
7063 389
7064 504
7065 384
7066 404
7067 321
7068 344
7069 395
7070 389
7071 376
7072 345
7073 477
7074 367
7075 381
7076 392
7077 730
7078 314
7079 372
7080 364
7081 401
7082 455
7083 362
7084 336
7085 338
7086 382
7087 465
7088 377
7089 362
7090 315
7091 690
7092 373
7093 358
7094 404
7095 386
7096 315
7097 316
7098 376
7099 607
7100 379
7101 326
7102 387
7103 363
7104 606
7105 381
7106 367
7107 613
7108 313
7109 388
7110 378
7111 726
7112 358
7113 307
7114 312
7115 386
7116 542
7117 382
7118 384
7119 309
7120 506
7121 381
7122 395
7123 402
7124 430
7125 326
7126 313
7127 311
7128 376
7129 609
7130 384
7131 374
7132 315
7133 321
7134 403
7135 389
7136 399
7137 656
7138 317
7139 313
7140 379
7141 397
7142 632
7143 395
7144 317
7145 313
7146 1324
7147 383
7148 361
7149 392
7150 319
7151 350
7152 369
7153 466
7154 395
7155 371
7156 438
7157 312
7158 367
7159 367
7160 389
7161 566
7162 306
7163 304
7164 380
7165 658
7166 371
7167 321
7168 307
7169 358
7170 503
7171 365
7172 371
7173 314
7174 536
7175 382
7176 376
7177 552
7178 333
7179 401
7180 363
7181 385
7182 673
7183 375
7184 309
7185 320
7186 1104
7187 393
7188 367
7189 393
7190 399
7191 364
7192 396
7193 399
7194 357
7195 331
7196 350
7197 362
7198 387
7199 487
7200 393
7201 337
7202 405
7203 559
7204 367
7205 395
7206 380
7207 707
7208 354
7209 380
7210 382
7211 521
7212 333
7213 343
7214 403
7215 379
7216 390
7217 396
7218 318
7219 312
7220 375
7221 494
7222 382
7223 383
7224 323
7225 453
7226 365
7227 385
7228 385
7229 608
7230 311
7231 318
7232 372
7233 396
7234 608
7235 373
7236 316
7237 313
7238 377
7239 632
7240 380
7241 382
7242 312
7243 450
7244 384
7245 398
7246 378
7247 616
7248 310
7249 364
7250 382
7251 684
7252 358
7253 516
7254 371
7255 670
7256 393
7257 398
7258 311
7259 417
7260 387
7261 375
7262 387
7263 522
7264 402
7265 365
7266 386
7267 685
7268 386
7269 307
7270 313
7271 366
7272 619
7273 374
7274 369
7275 411
7276 698
7277 394
7278 381
7279 593
7280 318
7281 384
7282 366
7283 384
7284 440
7285 384
7286 321
7287 356
7288 381
7289 518
7290 392
7291 378
7292 313
7293 313
7294 418
7295 388
7296 392
7297 723
7298 317
7299 312
7300 383
7301 367
7302 401
7303 399
7304 315
7305 327
7306 385
7307 648
7308 391
7309 360
7310 313
7311 425
7312 384
7313 380
7314 390
7315 495
7316 408
7317 367
7318 399
7319 382
7320 477
7321 362
7322 423
7323 379
7324 749
7325 401
7326 365
7327 315
7328 436
7329 404
7330 390
7331 374
7332 678
7333 404
7334 366
7335 380
7336 804
7337 410
7338 312
7339 317
7340 406
7341 369
7342 366
7343 317
7344 336
7345 704
7346 391
7347 389
7348 493
7349 312
7350 316
7351 380
7352 401
7353 596
7354 323
7355 345
7356 364
7357 405
7358 559
7359 387
7360 331
7361 313
7362 373
7363 463
7364 370
7365 376
7366 385
7367 402
7368 354
7369 398
7370 390
7371 766
7372 312
7373 312
7374 373
7375 475
7376 385
7377 336
7378 404
7379 353
7380 578
7381 392
7382 383
7383 319
7384 402
7385 646
7386 405
7387 380
7388 758
7389 318
7390 320
7391 374
7392 750
7393 391
7394 335
7395 377
7396 368
7397 357
7398 386
7399 395
7400 322
7401 513
7402 366
7403 444
7404 374
7405 476
7406 383
7407 321
7408 313
7409 396
7410 661
7411 394
7412 318
7413 381
7414 691
7415 383
7416 386
7417 394
7418 346
7419 311
7420 315
7421 389
7422 386
7423 370
7424 386
7425 404
7426 367
7427 385
7428 419
7429 399
7430 371
7431 313
7432 313
7433 707
7434 394
7435 410
7436 753
7437 325
7438 322
7439 394
7440 603
7441 379
7442 328
7443 355
7444 368
7445 594
7446 374
7447 385
7448 328
7449 420
7450 377
7451 379
7452 407
7453 568
7454 315
7455 312
7456 368
7457 396
7458 660
7459 439
7460 405
7461 357
7462 626
7463 385
7464 384
7465 317
7466 672
7467 373
7468 374
7469 411
7470 335
7471 418
7472 373
7473 384
7474 719
7475 384
7476 319
7477 380
7478 378
7479 693
7480 392
7481 406
7482 321
7483 315
7484 366
7485 402
7486 380
7487 782
7488 315
7489 316
7490 389
7491 745
7492 375
7493 322
7494 324
7495 352
7496 477
7497 375
7498 385
7499 429
7500 313
7501 314
7502 385
7503 403
7504 746
7505 321
7506 362
7507 401
7508 746
7509 379
7510 394
7511 325
7512 643
7513 369
7514 383
7515 471
7516 319
7517 352
7518 368
7519 370
7520 569
7521 374
7522 306
7523 310
7524 377
7525 487
7526 397
7527 389
7528 312
7529 313
7530 762
7531 388
7532 375
7533 454
7534 312
7535 309
7536 368
7537 370
7538 618
7539 362
7540 389
7541 357
7542 642
7543 391
7544 390
7545 316
7546 336
7547 371
7548 360
7549 364
7550 615
7551 310
7552 374
7553 394
7554 606
7555 386
7556 397
7557 371
7558 396
7559 556
7560 385
7561 354
7562 402
7563 393
7564 390
7565 386
7566 384
7567 313
7568 445
7569 351
7570 365
7571 372
7572 478
7573 328
7574 335
7575 353
7576 402
7577 369
7578 347
7579 303
7580 306
7581 736
7582 400
7583 387
7584 667
7585 405
7586 365
7587 396
7588 376
7589 362
7590 390
7591 433
7592 372
7593 395
7594 460
7595 366
7596 379
7597 310
7598 439
7599 390
7600 380
7601 379
7602 521
7603 314
7604 374
7605 394
7606 756
7607 370
7608 404
7609 372
7610 369
7611 511
7612 391
7613 361
7614 405
7615 683
7616 389
7617 391
7618 387
7619 328
7620 346
7621 381
7622 403
7623 383
7624 574
7625 328
7626 367
7627 385
7628 783
7629 387
7630 445
7631 311
7632 383
7633 375
7634 387
7635 382
7636 379
7637 325
7638 421
7639 368
7640 401
7641 388
7642 392
7643 377
7644 398
7645 362
7646 428
7647 398
7648 388
7649 318
7650 312
7651 371
7652 479
7653 390
7654 375
7655 645
7656 414
7657 373
7658 392
7659 703
7660 403
7661 314
7662 315
7663 377
7664 417
7665 397
7666 384
7667 329
7668 424
7669 382
7670 387
7671 397
7672 487
7673 314
7674 312
7675 384
7676 382
7677 637
7678 392
7679 314
7680 312
7681 393
7682 617
7683 379
7684 397
7685 314
7686 408
7687 376
7688 385
7689 382
7690 709
7691 314
7692 314
7693 376
7694 793
7695 391
7696 342
7697 379
7698 370
7699 402
7700 381
7701 391
7702 313
7703 720
7704 396
7705 389
7706 638
7707 325
7708 335
7709 367
7710 382
7711 1387
7712 386
7713 338
7714 342
7715 378
7716 401
7717 384
7718 394
7719 314
7720 316
7721 381
7722 404
7723 366
7724 371
7725 328
7726 348
7727 370
7728 420
7729 394
7730 392
7731 330
7732 313
7733 364
7734 377
7735 396
7736 379
7737 385
7738 323
7739 324
7740 393
7741 369
7742 628
7743 375
7744 413
7745 372
7746 658
7747 376
7748 385
7749 316
7750 316
7751 395
7752 401
7753 383
7754 370
7755 688
7756 364
7757 397
7758 369
7759 648
7760 315
7761 314
7762 384
7763 384
7764 539
7765 383
7766 318
7767 313
7768 421
7769 368
7770 381
7771 318
7772 365
7773 638
7774 416
7775 396
7776 644
7777 313
7778 321
7779 390
7780 365
7781 378
7782 401
7783 311
7784 313
7785 383
7786 695
7787 376
7788 375
7789 308
7790 682
7791 403
7792 409
7793 452
7794 333
7795 337
7796 373
7797 382
7798 380
7799 360
7800 380
7801 311
7802 318
7803 380
7804 501
7805 400
7806 372
7807 321
7808 666
7809 378
7810 390
7811 441
7812 337
7813 391
7814 360
7815 397
7816 705
7817 388
7818 320
7819 313
7820 381
7821 494
7822 374
7823 391
7824 321
7825 330
7826 374
7827 372
7828 1048
7829 392
7830 372
7831 318
7832 310
7833 371
7834 382
7835 388
7836 397
7837 503
7838 368
7839 381
7840 399
7841 392
7842 305
7843 307
7844 361
7845 367
7846 367
7847 354
7848 314
7849 305
7850 354
7851 371
7852 421
7853 378
7854 329
7855 315
7856 369
7857 383
7858 376
7859 394
7860 320
7861 329
7862 553
7863 384
7864 380
7865 612
7866 301
7867 308
7868 372
7869 381
7870 363
7871 352
7872 395
7873 363
7874 361
7875 436
7876 379
7877 330
7878 358
7879 368
7880 463
7881 394
7882 377
7883 498
7884 311
7885 311
7886 364
7887 391
7888 593
7889 380
7890 310
7891 313
7892 377
7893 564
7894 397
7895 368
7896 409
7897 370
7898 363
7899 379
7900 362
7901 335
7902 645
7903 353
7904 384
7905 382
7906 600
7907 324
7908 315
7909 363
7910 626
7911 378
7912 373
7913 308
7914 309
7915 399
7916 389
7917 370
7918 378
7919 679
7920 376
7921 375
7922 374
7923 536
7924 318
7925 373
7926 368
7927 383
7928 431
7929 387
7930 356
7931 408
7932 636
7933 395
7934 386
7935 396
7936 440
7937 312
7938 317
7939 371
7940 395
7941 487
7942 385
7943 318
7944 329
7945 377
7946 556
7947 407
7948 385
7949 327
7950 591
7951 379
7952 386
7953 375
7954 491
7955 321
7956 405
7957 361
7958 710
7959 398
7960 384
7961 314
7962 315
7963 603
7964 382
7965 378
7966 630
7967 319
7968 314
7969 373
7970 398
7971 466
7972 390
7973 322
7974 308
7975 363
7976 468
7977 387
7978 377
7979 317
7980 534
7981 379
7982 406
7983 375
7984 549
7985 326
7986 309
7987 311
7988 382
7989 572
7990 395
7991 375
7992 312
7993 601
7994 385
7995 388
7996 392
7997 432
7998 316
7999 308
8000 379
8001 706
8002 388
8003 318
8004 305
8005 363
8006 482
8007 380
8008 371
8009 645
8010 313
8011 378
8012 378
8013 637
8014 390
8015 311
8016 312
8017 400
8018 583
8019 379
8020 386
8021 314
8022 616
8023 383
8024 400
8025 413
8026 436
8027 320
8028 312
8029 359
8030 393
8031 431
8032 364
8033 322
8034 309
8035 315
8036 606
8037 381
8038 384
8039 648
8040 310
8041 393
8042 381
8043 727
8044 386
8045 418
8046 361
8047 708
8048 380
8049 373
8050 321
8051 315
8052 612
8053 382
8054 389
8055 646
8056 317
8057 312
8058 378
8059 407
8060 433
8061 381
8062 348
8063 346
8064 632
8065 385
8066 380
8067 648
8068 305
8069 313
8070 377
8071 386
8072 432
8073 356
8074 314
8075 322
8076 374
8077 406
8078 383
8079 404
8080 325
8081 316
8082 384
8083 385
8084 401
8085 619
8086 309
8087 309
8088 382
8089 383
8090 599
8091 369
8092 308
8093 334
8094 706
8095 369
8096 378
8097 325
8098 377
8099 378
8100 385
8101 373
8102 670
8103 307
8104 323
8105 381
8106 366
8107 435
8108 368
8109 302
8110 327
8111 457
8112 398
8113 385
8114 315
8115 309
8116 661
8117 395
8118 371
8119 689
8120 306
8121 374
8122 379
8123 387
8124 353
8125 401
8126 363
8127 386
8128 548
8129 394
8130 321
8131 319
8132 694
8133 395
8134 394
8135 719
8136 329
8137 386
8138 393
8139 424
8140 371
8141 417
8142 363
8143 383
8144 494
8145 382
8146 326
8147 359
8148 629
8149 364
8150 384
8151 378
8152 503
8153 361
8154 381
8155 393
8156 629
8157 311
8158 316
8159 397
8160 722
8161 390
8162 325
8163 311
8164 369
8165 366
8166 367
8167 377
8168 305
8169 610
8170 381
8171 387
8172 719
8173 322
8174 313
8175 392
8176 380
8177 662
8178 408
8179 314
8180 346
8181 448
8182 394
8183 378
8184 336
8185 315
8186 551
8187 395
8188 385
8189 404
8190 484
8191 336
8192 379
8193 378
8194 488
8195 360
8196 329
8197 370
8198 345
8199 400
8200 372
8201 375
8202 321
8203 620
8204 363
8205 361
8206 1175
8207 394
8208 404
8209 372
8210 382
8211 386
8212 379
8213 396
8214 368
8215 393
8216 367
8217 380
8218 511
8219 369
8220 372
8221 367
8222 471
8223 314
8224 329
8225 369
8226 399
8227 534
8228 360
8229 405
8230 364
8231 639
8232 391
8233 362
8234 312
8235 315
8236 482
8237 389
8238 392
8239 367
8240 662
8241 366
8242 396
8243 377
8244 476
8245 325
8246 314
8247 374
8248 373
8249 419
8250 398
8251 327
8252 413
8253 362
8254 465
8255 376
8256 393
8257 328
8258 666
8259 368
8260 385
8261 379
8262 375
8263 327
8264 355
8265 366
8266 394
8267 521
8268 390
8269 333
8270 355
8271 371
8272 426
8273 382
8274 393
8275 543
8276 314
8277 312
8278 387
8279 377
8280 675
8281 375
8282 428
8283 373
8284 648
8285 389
8286 386
8287 322
8288 417
8289 571
8290 371
8291 386
8292 399
8293 425
8294 403
8295 367
8296 388
8297 709
8298 398
8299 308
8300 313
8301 609
8302 381
8303 383
8304 325
8305 351
8306 695
8307 381
8308 385
8309 710
8310 307
8311 308
8312 385
8313 719
8314 401
8315 346
8316 414
8317 373
8318 365
8319 366
8320 375
8321 677
8322 315
8323 380
8324 410
8325 712
8326 401
8327 312
8328 312
8329 377
8330 478
8331 398
8332 398
8333 314
8334 364
8335 675
8336 390
8337 388
8338 707
8339 320
8340 313
8341 391
8342 576
8343 376
8344 342
8345 402
8346 372
8347 543
8348 371
8349 364
8350 629
8351 307
8352 358
8353 390
8354 586
8355 359
8356 397
8357 357
8358 376
8359 487
8360 390
8361 366
8362 309
8363 639
8364 394
8365 382
8366 388
8367 382
8368 310
8369 303
8370 378
8371 710
8372 387
8373 321
8374 353
8375 358
8376 376
8377 387
8378 396
8379 590
8380 316
8381 392
8382 410
8383 702
8384 367
8385 309
8386 315
8387 382
8388 684
8389 374
8390 378
8391 397
8392 599
8393 389
8394 371
8395 658
8396 1289
8397 383
8398 398
8399 378
8400 385
8401 703
8402 376
8403 385
8404 386
8405 522
8406 319
8407 330
8408 370
8409 581
8410 372
8411 383
8412 312
8413 332
8414 612
8415 380
8416 383
8417 657
8418 394
8419 370
8420 388
8421 720
8422 389
8423 392
8424 357
8425 505
8426 371
8427 378
8428 314
8429 308
8430 490
8431 373
8432 378
8433 595
8434 318
8435 374
8436 371
8437 374
8438 370
8439 398
8440 327
8441 353
8442 426
8443 447
8444 1269
8445 373
8446 331
8447 356
8448 368
8449 455
8450 401
8451 396
8452 542
8453 314
8454 378
8455 361
8456 623
8457 328
8458 358
8459 362
8460 385
8461 362
8462 394
8463 347
8464 410
8465 379
8466 389
8467 371
8468 362
8469 619
8470 304
8471 365
8472 372
8473 583
8474 349
8475 404
8476 363
8477 370
8478 360
8479 372
8480 331
8481 385
8482 703
8483 384
8484 371
8485 574
8486 321
8487 370
8488 384
8489 627
8490 401
8491 407
8492 384
8493 379
8494 430
8495 396
8496 332
8497 383
8498 575
8499 404
8500 407
8501 369
8502 668
8503 376
8504 396
8505 397
8506 500
8507 325
8508 312
8509 384
8510 386
8511 377
8512 392
8513 329
8514 320
8515 394
8516 395
8517 394
8518 376
8519 1436
8520 320
8521 502
8522 392
8523 376
8524 386
8525 641
8526 367
8527 413
8528 399
8529 511
8530 328
8531 403
8532 361
8533 382
8534 361
8535 381
8536 338
8537 404
8538 385
8539 399
8540 376
8541 384
8542 562
8543 313
8544 389
8545 403
8546 668
8547 340
8548 385
8549 371
8550 366
8551 458
8552 396
8553 332
8554 392
8555 727
8556 388
8557 396
8558 717
8559 411
8560 377
8561 381
8562 720
8563 380
8564 319
8565 313
8566 405
8567 392
8568 376
8569 329
8570 374
8571 643
8572 370
8573 390
8574 378
8575 397
8576 397
8577 378
8578 1493
8579 368
8580 412
8581 317
8582 347
8583 394
8584 401
8585 383
8586 368
8587 347
8588 421
8589 378
8590 377
8591 404
8592 399
8593 336
8594 390
8595 424
8596 394
8597 392
8598 388
8599 405
8600 599
8601 376
8602 380
8603 634
8604 323
8605 312
8606 386
8607 549
8608 364
8609 326
8610 386
8611 376
8612 475
8613 374
8614 390
8615 324
8616 436
8617 399
8618 395
8619 373
8620 557
8621 317
8622 389
8623 400
8624 659
8625 334
8626 379
8627 365
8628 641
8629 386
8630 372
8631 411
8632 521
8633 389
8634 387
8635 386
8636 322
8637 687
8638 382
8639 393
8640 482
8641 334
8642 384
8643 370
8644 368
8645 547
8646 373
8647 306
8648 322
8649 382
8650 380
8651 377
8652 365
8653 304
8654 313
8655 442
8656 376
8657 390
8658 1826
8659 325
8660 317
8661 377
8662 414
8663 393
8664 357
8665 403
8666 382
8667 381
8668 660
8669 406
8670 321
8671 327
8672 572
8673 389
8674 384
8675 319
8676 310
8677 393
8678 385
8679 388
8680 370
8681 513
8682 327
8683 376
8684 370
8685 575
8686 324
8687 376
8688 373
8689 392
8690 432
8691 384
8692 326
8693 344
8694 611
8695 378
8696 401
8697 380
8698 522
8699 403
8700 389
8701 404
8702 489
8703 314
8704 314
8705 393
8706 387
8707 630
8708 326
8709 403
8710 377
8711 583
8712 374
8713 359
8714 401
8715 374
8716 356
8717 375
8718 385
8719 323
8720 659
8721 375
8722 392
8723 384
8724 522
8725 331
8726 361
8727 382
8728 380
8729 386
8730 395
8731 314
8732 333
8733 757
8734 374
8735 390
8736 722
8737 414
8738 389
8739 391
8740 567
8741 387
8742 309
8743 331
8744 398
8745 556
8746 385
8747 319
8748 385
8749 581
8750 382
8751 374
8752 633
8753 311
8754 397
8755 386
8756 567
8757 327
8758 387
8759 383
8760 649
8761 372
8762 383
8763 311
8764 310
8765 377
8766 361
8767 388
8768 335
8769 405
8770 499
8771 375
8772 378
8773 636
8774 311
8775 319
8776 377
8777 365
8778 377
8779 321
8780 309
8781 326
8782 375
8783 579
8784 391
8785 325
8786 402
8787 616
8788 394
8789 393
8790 617
8791 381
8792 357
8793 382
8794 422
8795 324
8796 373
8797 370
8798 390
8799 567
8800 371
8801 310
8802 320
8803 389
8804 417
8805 380
8806 388
8807 325
8808 380
8809 384
8810 383
8811 387
8812 582
8813 309
8814 382
8815 378
8816 691
8817 327
8818 375
8819 380
8820 476
8821 371
8822 354
8823 402
8824 377
8825 458
8826 381
8827 391
8828 575
8829 316
8830 387
8831 635
8832 395
8833 388
8834 334
8835 312
8836 380
8837 395
8838 380
8839 384
8840 313
8841 330
8842 377
8843 379
8844 386
8845 363
8846 489
8847 374
8848 372
8849 388
8850 433
8851 312
8852 327
8853 415
8854 373
8855 478
8856 321
8857 479
8858 375
8859 594
8860 375
8861 397
8862 411
8863 381
8864 442
8865 391
8866 386
8867 335
8868 518
8869 376
8870 386
8871 365
8872 327
8873 415
8874 393
8875 391
8876 570
8877 368
8878 309
8879 310
8880 381
8881 486
8882 385
8883 332
8884 385
8885 382
8886 422
8887 382
8888 399
8889 325
8890 555
8891 377
8892 396
8893 399
8894 523
8895 323
8896 318
8897 385
8898 388
8899 352
8900 370
8901 314
8902 308
8903 357
8904 429
8905 372
8906 382
8907 316
8908 364
8909 376
8910 379
8911 382
8912 659
8913 310
8914 365
8915 366
8916 378
8917 351
8918 380
8919 309
8920 307
8921 654
8922 406
8923 392
8924 324
8925 325
8926 396
8927 392
8928 390
8929 329
8930 704
8931 367
8932 378
8933 367
8934 468
8935 344
8936 343
8937 385
8938 383
8939 380
8940 390
8941 313
8942 329
8943 393
8944 377
8945 371
8946 388
8947 410
8948 540
8949 388
8950 402
8951 383
8952 317
8953 312
8954 391
8955 378
8956 415
8957 505
8958 313
8959 333
8960 380
8961 377
8962 501
8963 379
8964 313
8965 317
8966 643
8967 385
8968 381
8969 318
8970 361
8971 364
8972 361
8973 370
8974 311
8975 516
8976 383
8977 391
8978 405
8979 429
8980 324
8981 312
8982 360
8983 374
8984 414
8985 385
8986 402
8987 323
8988 599
8989 380
8990 381
8991 699
8992 325
8993 310
8994 389
8995 400
8996 373
8997 376
8998 412
8999 386
9000 635
9001 390
9002 382
9003 314
9004 316
9005 597
9006 374
9007 386
9008 379
9009 416
9010 378
9011 393
9012 380
9013 426
9014 329
9015 319
9016 384
9017 394
9018 409
9019 389
9020 320
9021 311
9022 374
9023 461
9024 391
9025 365
9026 316
9027 309
9028 376
9029 382
9030 375
9031 596
9032 313
9033 315
9034 383
9035 388
9036 538
9037 383
9038 322
9039 315
9040 672
9041 382
9042 391
9043 324
9044 466
9045 377
9046 401
9047 389
9048 647
9049 310
9050 320
9051 381
9052 388
9053 445
9054 375
9055 325
9056 312
9057 377
9058 400
9059 393
9060 375
9061 320
9062 566
9063 377
9064 368
9065 412
9066 314
9067 303
9068 391
9069 377
9070 615
9071 313
9072 310
9073 372
9074 382
9075 426
9076 390
9077 325
9078 351
9079 401
9080 396
9081 396
9082 395
9083 315
9084 675
9085 392
9086 371
9087 396
9088 471
9089 317
9090 315
9091 383
9092 771
9093 382
9094 344
9095 413
9096 429
9097 394
9098 391
9099 368
9100 402
9101 576
9102 393
9103 380
9104 720
9105 315
9106 315
9107 395
9108 452
9109 380
9110 322
9111 361
9112 374
9113 673
9114 374
9115 396
9116 405
9117 593
9118 388
9119 392
9120 445
9121 307
9122 359
9123 389
9124 385
9125 559
9126 321
9127 318
9128 392
9129 394
9130 507
9131 369
9132 311
9133 330
9134 332
9135 485
9136 402
9137 384
9138 316
9139 310
9140 533
9141 358
9142 363
9143 625
9144 436
9145 362
9146 368
9147 516
9148 389
9149 307
9150 315
9151 467
9152 394
9153 410
9154 328
9155 316
9156 649
9157 397
9158 386
9159 649
9160 318
9161 372
9162 372
9163 487
9164 332
9165 390
9166 368
9167 375
9168 524
9169 377
9170 308
9171 314
9172 697
9173 384
9174 392
9175 310
9176 429
9177 401
9178 377
9179 370
9180 492
9181 306
9182 309
9183 370
9184 374
9185 410
9186 371
9187 327
9188 334
9189 382
9190 396
9191 370
9192 388
9193 331
9194 468
9195 383
9196 378
9197 1284
9198 378
9199 314
9200 330
9201 396
9202 389
9203 385
9204 327
9205 361
9206 384
9207 396
9208 375
9209 388
9210 537
9211 381
9212 393
9213 389
9214 493
9215 311
9216 328
9217 381
9218 387
9219 425
9220 326
9221 357
9222 376
9223 395
9224 395
9225 403
9226 320
9227 316
9228 386
9229 374
9230 402
9231 372
9232 312
9233 318
9234 464
9235 380
9236 397
9237 374
9238 307
9239 315
9240 380
9241 393
9242 389
9243 363
9244 325
9245 318
9246 385
9247 371
9248 481
9249 397
9250 408
9251 375
9252 392
9253 377
9254 391
9255 339
9256 356
9257 387
9258 376
9259 397
9260 429
9261 327
9262 528
9263 374
9264 388
9265 405
9266 408
9267 311
9268 325
9269 377
9270 379
9271 370
9272 359
9273 418
9274 374
9275 381
9276 390
9277 395
9278 334
9279 355
9280 382
9281 379
9282 388
9283 390
9284 318
9285 607
9286 373
9287 387
9288 386
9289 513
9290 310
9291 335
9292 382
9293 377
9294 418
9295 384
9296 754
9297 408
9298 366
9299 381
9300 386
9301 380
9302 315
9303 329
9304 383
9305 391
9306 602
9307 328
9308 322
9309 380
9310 373
9311 448
9312 378
9313 314
9314 308
9315 570
9316 374
9317 370
9318 321
9319 499
9320 382
9321 380
9322 368
9323 325
9324 415
9325 374
9326 396
9327 371
9328 371
9329 334
9330 318
9331 391
9332 386
9333 421
9334 383
9335 332
9336 316
9337 333
9338 429
9339 394
9340 392
9341 329
9342 636
9343 390
9344 376
9345 392
9346 368
9347 309
9348 311
9349 374
9350 391
9351 503
9352 389
9353 311
9354 328
9355 604
9356 378
9357 384
9358 314
9359 308
9360 430
9361 389
9362 383
9363 374
9364 415
9365 406
9366 376
9367 383
9368 636
9369 390
9370 311
9371 312
9372 392
9373 361
9374 389
9375 365
9376 311
9377 315
9378 443
9379 384
9380 392
9381 694
9382 315
9383 314
9384 362
9385 387
9386 433
9387 381
9388 311
9389 318
9390 388
9391 608
9392 370
9393 384
9394 311
9395 315
9396 436
9397 395
9398 381
9399 647
9400 322
9401 314
9402 388
9403 397
9404 479
9405 395
9406 310
9407 321
9408 381
9409 418
9410 373
9411 395
9412 318
9413 414
9414 367
9415 372
9416 364
9417 555
9418 360
9419 381
9420 374
9421 504
9422 325
9423 321
9424 394
9425 381
9426 435
9427 397
9428 328
9429 320
9430 487
9431 372
9432 372
9433 386
9434 309
9435 523
9436 393
9437 361
9438 389
9439 479
9440 309
9441 317
9442 375
9443 375
9444 489
9445 378
9446 308
9447 309
9448 488
9449 386
9450 395
9451 324
9452 328
9453 563
9454 385
9455 403
9456 580
9457 311
9458 321
9459 382
9460 388
9461 661
9462 332
9463 346
9464 379
9465 548
9466 383
9467 370
9468 310
9469 311
9470 416
9471 376
9472 377
9473 364
9474 326
9475 400
9476 372
9477 390
9478 485
9479 360
9480 409
9481 377
9482 381
9483 541
9484 392
9485 313
9486 311
9487 366
9488 484
9489 385
9490 389
9491 324
9492 543
9493 381
9494 393
9495 378
9496 572
9497 411
9498 379
9499 378
9500 692
9501 378
9502 309
9503 313
9504 368
9505 409
9506 369
9507 367
9508 314
9509 313
9510 435
9511 384
9512 389
9513 660
9514 406
9515 371
9516 424
9517 708
9518 381
9519 312
9520 327
9521 404
9522 394
9523 377
9524 376
9525 316
9526 314
9527 502
9528 387
9529 379
9530 734
9531 313
9532 314
9533 391
9534 365
9535 382
9536 337
9537 315
9538 387
9539 661
9540 394
9541 379
9542 310
9543 311
9544 654
9545 396
9546 392
9547 615
9548 313
9549 375
9550 396
9551 499
9552 340
9553 391
9554 374
9555 366
9556 471
9557 388
9558 337
9559 312
9560 387
9561 434
9562 383
9563 395
9564 318
9565 565
9566 378
9567 395
9568 372
9569 501
9570 322
9571 363
9572 379
9573 679
9574 384
9575 354
9576 409
9577 480
9578 396
9579 405
9580 402
9581 315
9582 322
9583 388
9584 380
9585 386
9586 577
9587 312
9588 320
9589 385
9590 398
9591 374
9592 386
9593 313
9594 313
9595 383
9596 604
9597 393
9598 409
9599 408
9600 623
9601 378
9602 375
9603 569
9604 311
9605 330
9606 388
9607 374
9608 405
9609 339
9610 413
9611 385
9612 391
9613 495
9614 385
9615 320
9616 318
9617 379
9618 383
9619 382
9620 393
9621 319
9622 313
9623 406
9624 382
9625 389
9626 632
9627 310
9628 310
9629 393
9630 399
9631 406
9632 396
9633 404
9634 381
9635 387
9636 383
9637 832
9638 397
9639 308
9640 322
9641 411
9642 378
9643 506
9644 325
9645 307
9646 325
9647 390
9648 569
9649 375
9650 324
9651 311
9652 368
9653 351
9654 387
9655 368
9656 322
9657 492
9658 368
9659 380
9660 386
9661 392
9662 328
9663 312
9664 384
9665 372
9666 438
9667 383
9668 309
9669 309
9670 374
9671 390
9672 371
9673 367
9674 311
9675 582
9676 376
9677 384
9678 379
9679 312
9680 372
9681 373
9682 370
9683 582
9684 870
9685 314
9686 309
9687 384
9688 367
9689 384
9690 343
9691 695
9692 398
9693 377
9694 390
9695 430
9696 333
9697 313
9698 318
9699 392
9700 612
9701 397
9702 373
9703 408
9704 684
9705 381
9706 395
9707 649
9708 315
9709 329
9710 392
9711 396
9712 439
9713 382
9714 307
9715 324
9716 697
9717 382
9718 377
9719 342
9720 563
9721 367
9722 386
9723 382
9724 368
9725 399
9726 361
9727 370
9728 373
9729 380
9730 323
9731 313
9732 370
9733 394
9734 479
9735 382
9736 319
9737 312
9738 582
9739 375
9740 384
9741 328
9742 602
9743 391
9744 1255
9745 416
9746 324
9747 401
9748 395
9749 384
9750 405
9751 366
9752 311
9753 331
9754 382
9755 406
9756 409
9757 325
9758 477
9759 391
9760 400
9761 392
9762 378
9763 311
9764 328
9765 395
9766 404
9767 502
9768 327
9769 337
9770 387
9771 383
9772 597
9773 379
9774 312
9775 332
9776 381
9777 381
9778 379
9779 330
9780 390
9781 382
9782 376
9783 399
9784 397
9785 316
9786 573
9787 382
9788 385
9789 385
9790 468
9791 317
9792 380
9793 390
9794 421
9795 396
9796 328
9797 416
9798 382
9799 493
9800 385
9801 389
9802 312
9803 327
9804 642
9805 390
9806 373
9807 350
9808 519
9809 378
9810 371
9811 385
9812 523
9813 315
9814 305
9815 388
9816 384
9817 412
9818 391
9819 405
9820 361
9821 586
9822 380
9823 396
9824 317
9825 313
9826 505
9827 378
9828 384
9829 638
9830 407
9831 380
9832 374
9833 411
9834 397
9835 311
9836 327
9837 397
9838 380
9839 362
9840 384
9841 397
9842 382
9843 696
9844 379
9845 397
9846 314
9847 369
9848 379
9849 392
9850 386
9851 385
9852 313
9853 305
9854 392
9855 387
9856 381
9857 372
9858 316
9859 317
9860 399
9861 371
9862 1246
9863 376
9864 410
9865 384
9866 441
9867 379
9868 379
9869 316
9870 315
9871 389
9872 384
9873 367
9874 328
9875 356
9876 384
9877 394
9878 516
9879 384
9880 311
9881 329
9882 385
9883 393
9884 382
9885 328
9886 369
9887 384
9888 496
9889 388
9890 401
9891 407
9892 373
9893 373
9894 393
9895 377
9896 341
9897 312
9898 335
9899 382
9900 389
9901 388
9902 354
9903 311
9904 346
9905 398
9906 386
9907 455
9908 317
9909 334
9910 375
9911 380
9912 389
9913 383
9914 319
9915 315
9916 389
9917 369
9918 370
9919 390
9920 312
9921 319
9922 353
9923 373
9924 381
9925 354
9926 585
9927 374
9928 401
9929 379
9930 373
9931 316
9932 313
9933 384
9934 384
9935 462
9936 346
9937 359
9938 386
9939 382
9940 444
9941 396
9942 315
9943 310
9944 380
9945 386
9946 1252
9947 384
9948 314
9949 367
9950 388
9951 388
9952 385
9953 384
9954 333
9955 316
9956 384
9957 397
9958 380
9959 328
9960 357
9961 369
9962 379
9963 382
9964 384
9965 336
9966 315
9967 430
9968 387
9969 401
9970 402
9971 520
9972 380
9973 374
9974 389
9975 418
9976 322
9977 313
9978 382
9979 398
9980 450
9981 339
9982 405
9983 406
9984 367
9985 409
9986 394
9987 315
9988 316
9989 397
9990 422
9991 406
9992 373
9993 410
9994 376
9995 375
9996 398
9997 387
9998 321
9999 569
10000 386
10001 415
10002 385
10003 338
10004 310
10005 308
10006 385
10007 377
10008 509
10009 347
10010 351
10011 353
10012 372
10013 373
10014 386
10015 319
10016 315
10017 370
10018 372
10019 388
10020 373
10021 312
10022 314
10023 374
10024 392
10025 393
10026 612
10027 414
10028 372
10029 380
10030 407
10031 375
10032 327
10033 372
10034 372
10035 391
10036 374
10037 379
10038 320
10039 313
10040 387
10041 441
10042 392
10043 387
10044 313
10045 313
10046 350
10047 381
10048 393
10049 377
10050 510
10051 377
10052 389
10053 382
10054 533
10055 310
10056 351
10057 366
10058 377
10059 560
10060 371
10061 311
10062 317
10063 367
10064 367
10065 369
10066 390
10067 409
10068 361
10069 367
10070 380
10071 381
10072 322
10073 532
10074 381
10075 386
10076 387
10077 581
10078 320
10079 314
10080 386
10081 377
10082 355
10083 385
10084 314
10085 316
10086 381
10087 425
10088 370
10089 384
10090 315
10091 317
10092 409
10093 372
10094 374
10095 583
10096 323
10097 321
10098 372
10099 372
10100 542
10101 338
10102 359
10103 380
10104 684
10105 378
10106 402
10107 314
10108 324
10109 592
10110 372
10111 392
10112 385
10113 307
10114 355
10115 382
10116 390
10117 385
10118 347
10119 345
10120 406
10121 368
10122 375
10123 348
10124 400
10125 333
10126 361
10127 386
10128 396
10129 376
10130 378
10131 323
10132 516
10133 380
10134 374
10135 379
10136 379
10137 320
10138 315
10139 386
10140 374
10141 414
10142 395
10143 326
10144 314
10145 392
10146 487
10147 402
10148 380
10149 322
10150 533
10151 380
10152 382
10153 381
10154 487
10155 414
10156 383
10157 382
10158 593
10159 373
10160 313
10161 313
